(6761,1)
(93281,1)
(86321,1)
(42341,1)
(85661,1)
(90401,1)
(11561,1)
(85061,1)
(77021,1)
(95561,1)
(34001,1)
(76121,1)
(88481,1)
(90761,1)
(70361,1)
(68441,1)
(21581,1)
(34661,1)
(46781,1)
(52181,1)
(94601,1)
(66161,1)
(5081,1)
(13301,1)
(61661,1)
(79721,1)
(96581,1)
(2021,1)
(85421,1)
(87461,1)
(72821,1)
(79841,1)
(58181,1)
(92981,1)
(37721,1)
(54941,1)
(23561,1)
(44561,1)
(12881,1)
(20201,1)
(47201,1)
(36581,1)
(86381,1)
(23141,1)
(14981,1)
(21401,1)
(99521,1)
(81041,1)
(17261,1)
(69221,1)
(4481,1)
(3161,1)
(27941,1)
(83801,1)
(17621,1)
(43781,1)
(86861,1)
(63821,1)
(75341,1)
(18941,1)
(23021,1)
(64961,1)
(70721,1)
(34241,1)
(49661,1)
(10601,1)
(31301,1)
(12101,1)
(87341,1)
(33221,1)
(47561,1)
(21461,1)
(56561,1)
(75041,1)
(91781,1)
(59681,1)
(89441,1)
(36521,1)
(45581,1)
(93401,1)
(68861,1)
(69941,1)
(83441,1)
(91421,1)
(76961,1)
(76661,1)
(58421,1)
(76901,1)
(73901,1)
(98141,1)
(17201,1)
(23201,1)
(99281,1)
(25361,1)
(96701,1)
(6881,1)
(39161,1)
(51941,1)
(49001,1)
(58841,1)
(79061,1)
(4661,1)
(56981,1)
(17501,1)
(14501,1)
(59561,1)
(97481,1)
(53441,1)
(26981,1)
(79961,1)
(48041,1)
(4901,1)
(44681,1)
(51281,1)
(44801,1)
(32261,1)
(43181,1)
(53621,1)
(69641,1)
(54221,1)
(17441,1)
(94781,1)
(95501,1)
(68741,1)
(31361,1)
(42161,1)
(37961,1)
(45881,1)
(73481,1)
(46061,1)
(16841,1)
(27341,1)
(8861,1)
(29501,1)
(72641,1)
(75881,1)
(17381,1)
(79661,1)
(38981,1)
(14441,1)
(66041,1)
(87221,1)
(4061,1)
(49421,1)
(17801,1)
(39041,1)
(69701,1)
(33761,1)
(55361,1)
(23501,1)
(9941,1)
(42041,1)
(75521,1)
(70001,1)
(1481,1)
(88241,1)
(26081,1)
(99641,1)
(94661,1)
(61061,1)
(80381,1)
(33161,1)
(55721,1)
(54821,1)
(59321,1)
(65561,1)
(70181,1)
(821,1)
(1181,1)
(43661,1)
(4541,1)
(20801,1)
(80141,1)
(28901,1)
(71921,1)
(85361,1)
(85241,1)
(49481,1)
(38861,1)
(55841,1)
(98621,1)
(7421,1)
(7841,1)
(98081,1)
(73241,1)
(29801,1)
(75701,1)
(2801,1)
(2321,1)
(46841,1)
(58541,1)
(86081,1)
(52121,1)
(87701,1)
(47141,1)
(18521,1)
(18401,1)
(32381,1)
(51701,1)
(67061,1)
(92321,1)
(52361,1)
(11921,1)
(77741,1)
(44141,1)
(22301,1)
(80321,1)
(9641,1)
(90341,1)
(69581,1)
(35561,1)
(68921,1)
(74801,1)
(79301,1)
(84821,1)
(90941,1)
(10301,1)
(99941,1)
(15281,1)
(14021,1)
(33461,1)
(89921,1)
(91481,1)
(69461,1)
(77561,1)
(50321,1)
(14201,1)
(32921,1)
(36161,1)
(75401,1)
(42581,1)
(55301,1)
(68261,1)
(47861,1)
(8321,1)
(60401,1)
(93581,1)
(51341,1)
(73961,1)
(74441,1)
(71561,1)
(83261,1)
(48821,1)
(67181,1)
(27821,1)
(36701,1)
(85121,1)
(19301,1)
(2561,1)
(40361,1)
(22001,1)
(54881,1)
(22601,1)
(62261,1)
(71621,1)
(86501,1)
(14561,1)
(80801,1)
(49181,1)
(88181,1)
(73841,1)
(21161,1)
(7481,1)
(56201,1)
(10481,1)
(69341,1)
(13241,1)
(46661,1)
(35981,1)
(30701,1)
(44261,1)
(401,1)
(75761,1)
(58001,1)
(9161,1)
(77261,1)
(8681,1)
(78161,1)
(36101,1)
(85541,1)
(63041,1)
(27521,1)
(75461,1)
(51521,1)
(23801,1)
(61301,1)
(54761,1)
(461,1)
(6401,1)
(25961,1)
(77681,1)
(49061,1)
(61781,1)
(88661,1)
(5021,1)
(19841,1)
(65681,1)
(22721,1)
(70241,1)
(80861,1)
(19481,1)
(60281,1)
(82481,1)
(23981,1)
(12221,1)
(4421,1)
(83621,1)
(95681,1)
(68321,1)
(9041,1)
(51161,1)
(42401,1)
(79421,1)
(28961,1)
(39881,1)
(8381,1)
(90641,1)
(65261,1)
(26801,1)
(27041,1)
(67121,1)
(79781,1)
(92501,1)
(99761,1)
(46721,1)
(89021,1)
(41501,1)
(27641,1)
(32321,1)
(85481,1)
(35021,1)
(35201,1)
(62021,1)
(19421,1)
(89621,1)
(77981,1)
(73721,1)
(80501,1)
(85301,1)
(48401,1)
(56921,1)
(79361,1)
(14381,1)
(34841,1)
(47981,1)
(42761,1)
(64601,1)
(45761,1)
(66221,1)
(36401,1)
(64781,1)
(13361,1)
(25181,1)
(80561,1)
(91721,1)
(34901,1)
(22361,1)
(71021,1)
(39401,1)
(99461,1)
(98501,1)
(53561,1)
(4721,1)
(95141,1)
(12521,1)
(77921,1)
(10061,1)
(29081,1)
(16001,1)
(37601,1)
(41561,1)
(88421,1)
(94901,1)
(67001,1)
(84461,1)
(58781,1)
(16361,1)
(51581,1)
(90881,1)
(96521,1)
(58721,1)
(1781,1)
(38141,1)
(89801,1)
(62681,1)
(47021,1)
(61121,1)
(61481,1)
(281,1)
(90221,1)
(25121,1)
(64241,1)
(11621,1)
(83741,1)
(1301,1)
(6581,1)
(1841,1)
(58901,1)
(45221,1)
(70421,1)
(75101,1)
(74021,1)
(8501,1)
(24341,1)
(78341,1)
(44861,1)
(24521,1)
(16661,1)
(13961,1)
(17561,1)
(88721,1)
(67481,1)
(11321,1)
(31481,1)
(74561,1)
(22961,1)
(76241,1)
(56621,1)
(28181,1)
(65921,1)
(39221,1)
(36641,1)
(52241,1)
(75161,1)
(37421,1)
(77801,1)
(12401,1)
(83081,1)
(57221,1)
(75641,1)
(75221,1)
(33101,1)
(10661,1)
(98561,1)
(33581,1)
(71981,1)
(23381,1)
(25061,1)
(40241,1)
(7301,1)
(88781,1)
(15401,1)
(19181,1)
(63281,1)
(26441,1)
(65081,1)
(31841,1)
(41621,1)
(33641,1)
(49241,1)
(13661,1)
(65441,1)
(85781,1)
(24221,1)
(18641,1)
(81821,1)
(701,1)
(17081,1)
(87281,1)
(59021,1)
(15821,1)
(20981,1)
(3341,1)
(88121,1)
(16481,1)
(21281,1)
(62501,1)
(46001,1)
(51041,1)
(13781,1)
(91001,1)
(61901,1)
(36881,1)
(95621,1)
(67361,1)
(23861,1)
(74861,1)
(25001,1)
(45161,1)
(31901,1)
(60041,1)
(75941,1)
(62861,1)
(94301,1)
(7001,1)
(31001,1)
(52481,1)
(47801,1)
(95921,1)
(58661,1)
(57161,1)
(41981,1)
(13601,1)
(41321,1)
(82061,1)
(20741,1)
(59081,1)
(43361,1)
(59381,1)
(74081,1)
(62801,1)
(13481,1)
(93821,1)
(60341,1)
(48161,1)
(10721,1)
(3821,1)
(35921,1)
(47741,1)
(4241,1)
(55121,1)
(82121,1)
(5321,1)
(68621,1)
(8261,1)
(81281,1)
(16601,1)
(38381,1)
(82661,1)
(76301,1)
(97781,1)
(73001,1)
(24881,1)
(66641,1)
(25721,1)
(5921,1)
(71861,1)
(54521,1)
(2441,1)
(14741,1)
(40061,1)
(39941,1)
(13721,1)
(66101,1)
(94361,1)
(81341,1)
(19001,1)
(7661,1)
(38201,1)
(82961,1)
(20321,1)
(87761,1)
(7601,1)
(12341,1)
(50441,1)
(93161,1)
(9461,1)
(42641,1)
(57401,1)
(5501,1)
(22901,1)
(38501,1)
(41081,1)
(22241,1)
(24701,1)
(15341,1)
(48341,1)
(3521,1)
(70301,1)
(77081,1)
(78761,1)
(3401,1)
(17141,1)
(5861,1)
(44201,1)
(46421,1)
(66341,1)
(17321,1)
(88001,1)
(70661,1)
(96881,1)
(29921,1)
(4961,1)
(5621,1)
(41681,1)
(12581,1)
(64901,1)
(28301,1)
(55001,1)
(63701,1)
(83861,1)
(59741,1)
(1121,1)
(36941,1)
(47081,1)
(81701,1)
(70961,1)
(78041,1)
(56021,1)
(72281,1)
(15941,1)
(40001,1)
(10961,1)
(14141,1)
(66701,1)
(57581,1)
(81401,1)
(22841,1)
(4301,1)
(40121,1)
(39821,1)
(33821,1)
(51761,1)
(9881,1)
(37181,1)
(3881,1)
(20561,1)
(57281,1)
(31601,1)
(66821,1)
(20921,1)
(76001,1)
(15701,1)
(96941,1)
(92801,1)
(53381,1)
(71501,1)
(62141,1)
(47261,1)
(11261,1)
(40841,1)
(82421,1)
(96821,1)
(69821,1)
(26861,1)
(34121,1)
(39461,1)
(39701,1)
(76061,1)
(881,1)
(82001,1)
(20441,1)
(26921,1)
(46481,1)
(69761,1)
(13001,1)
(14921,1)
(641,1)
(57101,1)
(85841,1)
(94181,1)
(20681,1)
(49961,1)
(95201,1)
(42221,1)
(34061,1)
(56681,1)
(99881,1)
(11741,1)
(89321,1)
(79601,1)
(28781,1)
(17981,1)
(55961,1)
(44741,1)
(29321,1)
(57041,1)
(68081,1)
(56441,1)
(5681,1)
(20021,1)
(1061,1)
(56141,1)
(12281,1)
(49901,1)
(93941,1)
(60641,1)
(26621,1)
(45521,1)
(15521,1)
(21641,1)
(55541,1)
(30161,1)
(37121,1)
(76781,1)
(53681,1)
(83321,1)
(2981,1)
(39341,1)
(11441,1)
(55781,1)
(20621,1)
(52061,1)
(74981,1)
(11801,1)
(84401,1)
(68501,1)
(67721,1)
(84881,1)
(18821,1)
(35801,1)
(93881,1)
(49721,1)
(15101,1)
(90701,1)
(92021,1)
(7241,1)
(16421,1)
(21821,1)
(15461,1)
(54581,1)
(78581,1)
(9221,1)
(69041,1)
(24941,1)
(41261,1)
(41801,1)
(37781,1)
(11981,1)
(62621,1)
(16901,1)
(27581,1)
(36761,1)
(24041,1)
(36041,1)
(38441,1)
(42101,1)
(43001,1)
(25661,1)
(78281,1)
(81221,1)
(12641,1)
(71681,1)
(30101,1)
(58301,1)
(22181,1)
(60701,1)
(53261,1)
(37061,1)
(38081,1)
(44441,1)
(51401,1)
(25241,1)
(89381,1)
(80981,1)
(10781,1)
(38621,1)
(92861,1)
(16781,1)
(91901,1)
(101,1)
(14321,1)
(95741,1)
(90161,1)
(59501,1)
(50801,1)
(96641,1)
(38681,1)
(16721,1)
(98381,1)
(43241,1)
(81881,1)
(94541,1)
(54401,1)
(44081,1)
(22121,1)
(58121,1)
(77861,1)
(100001,1)
(341,1)
(40661,1)
(8981,1)
(42461,1)
(19361,1)
(82901,1)
(72521,1)
(70061,1)
(84341,1)
(2861,1)
(41,1)
(48941,1)
(35261,1)
(88541,1)
(59201,1)
(24581,1)
(87641,1)
(2201,1)
(47321,1)
(63461,1)
(39281,1)
(59141,1)
(86621,1)
(8081,1)
(50621,1)
(55481,1)
(41921,1)
(68561,1)
(94001,1)
(27701,1)
(71321,1)
(61001,1)
(71441,1)
(28001,1)
(61361,1)
(11381,1)
(46241,1)
(82841,1)
(52781,1)
(50201,1)
(37301,1)
(78521,1)
(30881,1)
(38741,1)
(82301,1)
(86681,1)
(55061,1)
(98441,1)
(46301,1)
(39641,1)
(17921,1)
(26261,1)
(46961,1)
(16961,1)
(14081,1)
(27221,1)
(92141,1)
(92561,1)
(62081,1)
(6101,1)
(71081,1)
(33701,1)
(38561,1)
(87161,1)
(48581,1)
(82541,1)
(71141,1)
(14801,1)
(62201,1)
(24281,1)
(2681,1)
(29261,1)
(75581,1)
(58361,1)
(8141,1)
(30941,1)
(59621,1)
(19961,1)
(88301,1)
(89981,1)
(84581,1)
(92201,1)
(94121,1)
(52721,1)
(34481,1)
(82241,1)
(87581,1)
(10001,1)
(28361,1)
(18461,1)
(91061,1)
(59921,1)
(81161,1)
(1661,1)
(38921,1)
(1721,1)
(69161,1)
(28841,1)
(49361,1)
(73301,1)
(32621,1)
(25301,1)
(27401,1)
(99401,1)
(61841,1)
(36821,1)
(63941,1)
(73601,1)
(26201,1)
(99821,1)
(88901,1)
(22061,1)
(74321,1)
(60521,1)
(97301,1)
(53741,1)
(16121,1)
(77381,1)
(80681,1)
(2081,1)
(94481,1)
(29201,1)
(97961,1)
(18581,1)
(12941,1)
(72041,1)
(42701,1)
(23321,1)
(85901,1)
(31661,1)
(76841,1)
(25421,1)
(60761,1)
(86981,1)
(39761,1)
(1961,1)
(18041,1)
(49601,1)
(18701,1)
(42521,1)
(95381,1)
(48281,1)
(69101,1)
(43421,1)
(67601,1)
(28721,1)
(92261,1)
(84761,1)
(20381,1)
(21941,1)
(89861,1)
(53321,1)
(6221,1)
(19241,1)
(31241,1)
(96041,1)
(18881,1)
(75821,1)
(85001,1)
(3461,1)
(44501,1)
(37541,1)
(67901,1)
(18101,1)
(29741,1)
(55181,1)
(13841,1)
(86921,1)
(87101,1)
(42881,1)
(43901,1)
(10181,1)
(96281,1)
(89201,1)
(67241,1)
(3641,1)
(26321,1)
(28481,1)
(3761,1)
(40721,1)
(99581,1)
(78401,1)
(43721,1)
(67421,1)
(2141,1)
(79241,1)
(92621,1)
(96101,1)
(66941,1)
(42821,1)
(73781,1)
(23441,1)
(59261,1)
(6701,1)
(83921,1)
(93641,1)
(99221,1)
(6941,1)
(9821,1)
(11681,1)
(6461,1)
(79481,1)
(98681,1)
(55241,1)
(14681,1)
(47921,1)
(78221,1)
(46901,1)
(68681,1)
(66761,1)
(73181,1)
(6521,1)
(8741,1)
(15641,1)
(58481,1)
(67541,1)
(79001,1)
(48221,1)
(87041,1)
(78701,1)
(9281,1)
(20081,1)
(6341,1)
(49541,1)
(63101,1)
(32441,1)
(6281,1)
(68381,1)
(94961,1)
(11021,1)
(4781,1)
(51821,1)
(42941,1)
(37001,1)
(52301,1)
(34601,1)
(70121,1)
(96401,1)
(62981,1)
(63401,1)
(56801,1)
(51641,1)
(94241,1)
(28421,1)
(37481,1)
(72581,1)
(35441,1)
(66581,1)
(34181,1)
(48461,1)
(60461,1)
(78821,1)
(29381,1)
(9341,1)
(81941,1)
(16301,1)
(81101,1)
(24641,1)
(12821,1)
(79541,1)
(88961,1)
(38021,1)
(19661,1)
(50141,1)
(65741,1)
(45701,1)
(52541,1)
(81581,1)
(61721,1)
(43061,1)
(24821,1)
(6041,1)
(53201,1)
(57821,1)
(31781,1)
(46541,1)
(98741,1)
(69521,1)
(15161,1)
(5441,1)
(3281,1)
(97841,1)
(92741,1)
(73421,1)
(94061,1)
(28061,1)
(19781,1)
(50981,1)
(29621,1)
(44381,1)
(68981,1)
(35681,1)
(10421,1)
(90101,1)
(57461,1)
(84941,1)
(9521,1)
(19121,1)
(21041,1)
(95081,1)
(10901,1)
(26141,1)
(51461,1)
(52421,1)
(7961,1)
(95981,1)
(34541,1)
(96161,1)
(73661,1)
(30461,1)
(43841,1)
(99041,1)
(58601,1)
(84521,1)
(16181,1)
(48641,1)
(86201,1)
(77321,1)
(16241,1)
(17861,1)
(46121,1)
(54461,1)
(72221,1)
(5801,1)
(86561,1)
(31121,1)
(15881,1)
(85721,1)
(85181,1)
(96761,1)
(99161,1)
(39581,1)
(44981,1)
(51101,1)
(30341,1)
(48521,1)
(54101,1)
(23681,1)
(57701,1)
(30761,1)
(78881,1)
(83381,1)
(63341,1)
(19061,1)
(21881,1)
(28601,1)
(30221,1)
(1541,1)
(84701,1)
(31421,1)
(52661,1)
(76181,1)
(57941,1)
(22781,1)
(32201,1)
(9701,1)
(10361,1)
(11501,1)
(25481,1)
(26501,1)
(60161,1)
(80261,1)
(77441,1)
(17741,1)
(61421,1)
(97121,1)
(72881,1)
(161,1)
(32681,1)
(30041,1)
(63521,1)
(68201,1)
(54341,1)
(93761,1)
(52961,1)
(64301,1)
(74381,1)
(83501,1)
(10121,1)
(54041,1)
(37841,1)
(44921,1)
(12041,1)
(32141,1)
(70781,1)
(34301,1)
(74921,1)
(67841,1)
(49841,1)
(3221,1)
(32981,1)
(30281,1)
(86801,1)
(92681,1)
(48761,1)
(77201,1)
(81521,1)
(13181,1)
(27461,1)
(91601,1)
(33881,1)
(65021,1)
(72401,1)
(51881,1)
(95861,1)
(28541,1)
(61601,1)
(76421,1)
(51221,1)
(80741,1)
(60941,1)
(81461,1)
(52001,1)
(74201,1)
(68801,1)
(36461,1)
(65621,1)
(66881,1)
(66461,1)
(95801,1)
(99101,1)
(4361,1)
(90281,1)
(83561,1)
(32801,1)
(90041,1)
(33401,1)
(941,1)
(15221,1)
(49301,1)
(50921,1)
(65801,1)
(93521,1)
(52841,1)
(89081,1)
(30641,1)
(89261,1)
(8201,1)
(65981,1)
(81761,1)
(31181,1)
(93221,1)
(44321,1)
(61541,1)
(30821,1)
(14621,1)
(12161,1)
(65201,1)
(26681,1)
(32081,1)
(10841,1)
(50561,1)
(35081,1)
(82721,1)
(53081,1)
(41441,1)
(70481,1)
(61181,1)
(38801,1)
(50861,1)
(33341,1)
(59441,1)
(62741,1)
(67661,1)
(55421,1)
(69281,1)
(98021,1)
(50681,1)
(24101,1)
(26741,1)
(27881,1)
(55901,1)
(73541,1)
(94421,1)
(7781,1)
(91181,1)
(83021,1)
(97061,1)
(2501,1)
(5261,1)
(92081,1)
(64001,1)
(20141,1)
(46601,1)
(53801,1)
(2621,1)
(78641,1)
(19601,1)
(80081,1)
(9401,1)
(63881,1)
(34361,1)
(77501,1)
(64841,1)
(40301,1)
(58241,1)
(72341,1)
(84221,1)
(87881,1)
(45821,1)
(16541,1)
(8021,1)
(27761,1)
(48881,1)
(6641,1)
(8801,1)
(96341,1)
(24161,1)
(12761,1)
(36221,1)
(11861,1)
(54701,1)
(56081,1)
(23261,1)
(53501,1)
(89141,1)
(43301,1)
(13061,1)
(26381,1)
(4601,1)
(2261,1)
(63221,1)
(53861,1)
(64541,1)
(1601,1)
(41861,1)
(7061,1)
(71381,1)
(8561,1)
(21521,1)
(92921,1)
(29861,1)
(80021,1)
(17681,1)
(25841,1)
(95021,1)
(65141,1)
(36341,1)
(85601,1)
(5141,1)
(99341,1)
(74621,1)
(3701,1)
(60581,1)
(3581,1)
(16061,1)
(21761,1)
(65321,1)
(1241,1)
(50501,1)
(5981,1)
(50261,1)
(93101,1)
(73361,1)
(12701,1)
(45941,1)
(15041,1)
(35501,1)
(50741,1)
(581,1)
(99701,1)
(14861,1)
(72761,1)
(18221,1)
(35741,1)
(86441,1)
(94841,1)
(1901,1)
(22541,1)
(7901,1)
(29981,1)
(72941,1)
(41201,1)
(71261,1)
(33281,1)
(49121,1)
(31721,1)
(9581,1)
(10241,1)
(11081,1)
(21701,1)
(78101,1)
(40901,1)
(91301,1)
(74681,1)
(25601,1)
(30401,1)
(43481,1)
(56261,1)
(87521,1)
(34721,1)
(98261,1)
(7361,1)
(91121,1)
(25541,1)
(40961,1)
(46181,1)
(25781,1)
(87401,1)
(41021,1)
(94721,1)
(27101,1)
(66521,1)
(19721,1)
(80441,1)
(42281,1)
(38321,1)
(95321,1)
(74501,1)
(98861,1)
(4121,1)
(86741,1)
(56861,1)
(3101,1)
(36281,1)
(80201,1)
(59981,1)
(5741,1)
(20861,1)
(57881,1)
(93701,1)
(98801,1)
(78941,1)
(29441,1)
(87941,1)
(98201,1)
(84041,1)
(38261,1)
(29681,1)
(67781,1)
(91841,1)
(35621,1)
(98981,1)
(97241,1)
(33521,1)
(53021,1)
(8921,1)
(33041,1)
(56501,1)
(21341,1)
(47681,1)
(84101,1)
(58061,1)
(83141,1)
(52901,1)
(67961,1)
(54281,1)
(24401,1)
(89741,1)
(2741,1)
(91961,1)
(57341,1)
(98321,1)
(79901,1)
(86261,1)
(61961,1)
(7541,1)
(25901,1)
(34781,1)
(84161,1)
(64661,1)
(73121,1)
(76601,1)
(40181,1)
(66281,1)
(88841,1)
(37361,1)
(86021,1)
(86141,1)
(73061,1)
(6161,1)
(88601,1)
(63581,1)
(75281,1)
(4841,1)
(5201,1)
(62381,1)
(47441,1)
(53141,1)
(88061,1)
(97721,1)
(55601,1)
(13541,1)
(74141,1)
(60881,1)
(48701,1)
(62441,1)
(74741,1)
(89501,1)
(61241,1)
(7121,1)
(90521,1)
(72101,1)
(70841,1)
(80921,1)
(84641,1)
(13901,1)
(47621,1)
(71741,1)
(37241,1)
(97181,1)
(19541,1)
(1421,1)
(26021,1)
(31541,1)
(43961,1)
(90461,1)
(50381,1)
(2381,1)
(4001,1)
(35321,1)
(65501,1)
(18281,1)
(8441,1)
(82601,1)
(22421,1)
(41141,1)
(56321,1)
(31961,1)
(54161,1)
(43121,1)
(90821,1)
(68141,1)
(89681,1)
(2921,1)
(29141,1)
(76721,1)
(87821,1)
(96221,1)
(27281,1)
(76361,1)
(58961,1)
(56381,1)
(98921,1)
(20261,1)
(10541,1)
(79181,1)
(32741,1)
(19901,1)
(45341,1)
(54641,1)
(23741,1)
(44021,1)
(77141,1)
(9761,1)
(91241,1)
(24761,1)
(62921,1)
(65381,1)
(32861,1)
(24461,1)
(30581,1)
(60221,1)
(71201,1)
(63641,1)
(80621,1)
(35861,1)
(55661,1)
(53921,1)
(72701,1)
(39101,1)
(43601,1)
(49781,1)
(761,1)
(41381,1)
(84281,1)
(41741,1)
(5381,1)
(22481,1)
(93461,1)
(60821,1)
(70901,1)
(45041,1)
(15581,1)
(23081,1)
(34961,1)
(97001,1)
(20501,1)
(11201,1)
(4181,1)
(57761,1)
(64121,1)
(67301,1)
(50021,1)
(82781,1)
(76541,1)
(21221,1)
(64481,1)
(97901,1)
(28121,1)
(74261,1)
(34421,1)
(37661,1)
(29561,1)
(35141,1)
(23621,1)
(46361,1)
(50081,1)
(88361,1)
(221,1)
(39521,1)
(97361,1)
(90581,1)
(63761,1)
(22661,1)
(40421,1)
(91661,1)
(45101,1)
(92441,1)
(17021,1)
(68021,1)
(52601,1)
(43541,1)
(91541,1)
(70541,1)
(64361,1)
(9101,1)
(69401,1)
(57641,1)
(59801,1)
(48101,1)
(45401,1)
(7721,1)
(45461,1)
(7181,1)
(93041,1)
(37901,1)
(40601,1)
(95441,1)
(53981,1)
(26561,1)
(64421,1)
(85961,1)
(77621,1)
(64721,1)
(59861,1)
(12461,1)
(18161,1)
(32021,1)
(66401,1)
(97421,1)
(14261,1)
(33941,1)
(45641,1)
(60101,1)
(32561,1)
(28241,1)
(18761,1)
(83681,1)
(3041,1)
(1361,1)
(32501,1)
(70601,1)
(30521,1)
(47381,1)
(89561,1)
(65861,1)
(95261,1)
(79121,1)
(5561,1)
(40481,1)
(71801,1)
(76481,1)
(21101,1)
(47501,1)
(83201,1)
(72461,1)
(57521,1)
(82181,1)
(62561,1)
(40781,1)
(23921,1)
(31061,1)
(63161,1)
(13421,1)
(97541,1)
(1001,1)
(69881,1)
(27161,1)
(97601,1)
(40541,1)
(45281,1)
(82361,1)
(3941,1)
(78461,1)
(15761,1)
(11141,1)
(521,1)
(62321,1)
(64061,1)
(81641,1)
(44621,1)
(6821,1)
(83981,1)
(64181,1)
(93341,1)
(18341,1)
(28661,1)
(13121,1)
(29021,1)
(92381,1)
(97661,1)
(35381,1)
(91361,1)
(56741,1)
(72161,1)
(8621,1)
(96461,1)
(49120,1)
(54040,1)
(76360,1)
(6400,1)
(81100,1)
(10780,1)
(17080,1)
(84400,1)
(59200,1)
(80620,1)
(11440,1)
(45160,1)
(4780,1)
(22300,1)
(64960,1)
(30580,1)
(83440,1)
(94540,1)
(58240,1)
(66700,1)
(21160,1)
(160,1)
(51700,1)
(1780,1)
(75280,1)
(60100,1)
(44200,1)
(75940,1)
(460,1)
(6940,1)
(77020,1)
(98980,1)
(19480,1)
(9100,1)
(93760,1)
(15820,1)
(94780,1)
(70000,1)
(12280,1)
(63100,1)
(55780,1)
(30400,1)
(82060,1)
(83620,1)
(52240,1)
(89020,1)
(14860,1)
(65980,1)
(77200,1)
(79360,1)
(16420,1)
(38920,1)
(30820,1)
(24460,1)
(85900,1)
(73120,1)
(83740,1)
(15040,1)
(90760,1)
(50560,1)
(95080,1)
(11680,1)
(95740,1)
(15220,1)
(42580,1)
(41860,1)
(44140,1)
(23560,1)
(80380,1)
(43240,1)
(92860,1)
(99340,1)
(10720,1)
(45220,1)
(3700,1)
(75520,1)
(79120,1)
(76660,1)
(88600,1)
(6760,1)
(98560,1)
(21220,1)
(84340,1)
(97660,1)
(3520,1)
(5920,1)
(35080,1)
(93160,1)
(82540,1)
(13960,1)
(3880,1)
(34120,1)
(86320,1)
(1300,1)
(25720,1)
(44020,1)
(67480,1)
(46420,1)
(10660,1)
(42940,1)
(86920,1)
(37600,1)
(62260,1)
(60280,1)
(58420,1)
(67900,1)
(73240,1)
(18640,1)
(36700,1)
(54220,1)
(21940,1)
(79720,1)
(2200,1)
(10540,1)
(51400,1)
(69940,1)
(55300,1)
(12520,1)
(51280,1)
(14920,1)
(68680,1)
(25180,1)
(41680,1)
(66280,1)
(11620,1)
(8740,1)
(2080,1)
(31120,1)
(75220,1)
(84520,1)
(38080,1)
(40060,1)
(92020,1)
(17320,1)
(67180,1)
(77740,1)
(93400,1)
(28360,1)
(17380,1)
(64120,1)
(82120,1)
(15400,1)
(65380,1)
(98680,1)
(90400,1)
(91120,1)
(4900,1)
(64720,1)
(74260,1)
(27100,1)
(24760,1)
(78400,1)
(6040,1)
(36040,1)
(14020,1)
(26740,1)
(31900,1)
(39700,1)
(51100,1)
(280,1)
(19000,1)
(85780,1)
(54820,1)
(78640,1)
(39100,1)
(4480,1)
(87700,1)
(11140,1)
(7180,1)
(36400,1)
(33340,1)
(5260,1)
(79300,1)
(18520,1)
(14980,1)
(57820,1)
(39040,1)
(78520,1)
(25000,1)
(96460,1)
(56320,1)
(4540,1)
(19420,1)
(40480,1)
(98320,1)
(41380,1)
(5620,1)
(3220,1)
(22660,1)
(74080,1)
(42520,1)
(23080,1)
(25900,1)
(46660,1)
(69100,1)
(33760,1)
(92620,1)
(54880,1)
(92260,1)
(89260,1)
(77920,1)
(91780,1)
(81700,1)
(34540,1)
(72760,1)
(35380,1)
(66400,1)
(21280,1)
(80020,1)
(7900,1)
(26920,1)
(9700,1)
(87520,1)
(100,1)
(48700,1)
(62500,1)
(64540,1)
(37780,1)
(63520,1)
(68440,1)
(80860,1)
(72640,1)
(22600,1)
(41740,1)
(3400,1)
(12460,1)
(28480,1)
(11560,1)
(86020,1)
(10300,1)
(20860,1)
(21700,1)
(38140,1)
(47260,1)
(52420,1)
(71380,1)
(58720,1)
(23320,1)
(4120,1)
(60400,1)
(96700,1)
(89320,1)
(89440,1)
(86080,1)
(75700,1)
(30760,1)
(98080,1)
(41500,1)
(58960,1)
(82420,1)
(71440,1)
(72820,1)
(97900,1)
(99700,1)
(9520,1)
(16780,1)
(77860,1)
(90220,1)
(40360,1)
(10360,1)
(9760,1)
(94600,1)
(80320,1)
(67360,1)
(31420,1)
(48100,1)
(5080,1)
(25540,1)
(22180,1)
(20680,1)
(42760,1)
(23140,1)
(71200,1)
(90640,1)
(14380,1)
(88840,1)
(18280,1)
(43180,1)
(65800,1)
(8260,1)
(32740,1)
(45880,1)
(82720,1)
(19180,1)
(21040,1)
(50980,1)
(7780,1)
(43300,1)
(74440,1)
(87640,1)
(1660,1)
(32680,1)
(34420,1)
(61240,1)
(65440,1)
(87580,1)
(22840,1)
(25780,1)
(55660,1)
(91240,1)
(85840,1)
(82840,1)
(38260,1)
(87880,1)
(97060,1)
(75160,1)
(21640,1)
(47560,1)
(50260,1)
(98140,1)
(12940,1)
(41020,1)
(52480,1)
(84640,1)
(5740,1)
(14620,1)
(17920,1)
(20380,1)
(76060,1)
(26200,1)
(48280,1)
(48640,1)
(79840,1)
(39820,1)
(89920,1)
(63700,1)
(7480,1)
(67060,1)
(67000,1)
(2800,1)
(99820,1)
(61300,1)
(31060,1)
(3760,1)
(3040,1)
(31240,1)
(71920,1)
(50920,1)
(17560,1)
(61180,1)
(66820,1)
(95020,1)
(91720,1)
(15460,1)
(44920,1)
(50200,1)
(79900,1)
(20020,1)
(39280,1)
(6640,1)
(36640,1)
(10240,1)
(38320,1)
(87220,1)
(33100,1)
(63760,1)
(66880,1)
(61420,1)
(36460,1)
(55540,1)
(19660,1)
(41920,1)
(57160,1)
(66220,1)
(34480,1)
(40300,1)
(48580,1)
(31000,1)
(97360,1)
(34840,1)
(48880,1)
(53980,1)
(52900,1)
(94000,1)
(72580,1)
(60820,1)
(40960,1)
(29680,1)
(14500,1)
(96940,1)
(63220,1)
(63460,1)
(83980,1)
(940,1)
(77380,1)
(84880,1)
(16900,1)
(10120,1)
(11800,1)
(52300,1)
(16480,1)
(95260,1)
(31300,1)
(10420,1)
(11980,1)
(13300,1)
(13480,1)
(2860,1)
(700,1)
(40120,1)
(98620,1)
(8860,1)
(16060,1)
(8620,1)
(580,1)
(96220,1)
(49480,1)
(68860,1)
(91480,1)
(13420,1)
(30100,1)
(66520,1)
(72460,1)
(16960,1)
(68200,1)
(27400,1)
(68800,1)
(59020,1)
(1840,1)
(38680,1)
(53620,1)
(7600,1)
(36820,1)
(59080,1)
(86680,1)
(51940,1)
(66760,1)
(97840,1)
(99160,1)
(32860,1)
(78100,1)
(74920,1)
(96040,1)
(4300,1)
(46480,1)
(48220,1)
(73300,1)
(81520,1)
(69820,1)
(68620,1)
(84100,1)
(59920,1)
(57520,1)
(1480,1)
(96400,1)
(82960,1)
(34660,1)
(14680,1)
(31480,1)
(76120,1)
(5680,1)
(7240,1)
(51640,1)
(18340,1)
(63820,1)
(40,1)
(74980,1)
(34960,1)
(47500,1)
(57760,1)
(60520,1)
(26260,1)
(70300,1)
(24640,1)
(21820,1)
(100000,1)
(10900,1)
(10000,1)
(98860,1)
(67300,1)
(15700,1)
(29380,1)
(90040,1)
(91360,1)
(14200,1)
(72700,1)
(18700,1)
(46900,1)
(47020,1)
(91000,1)
(23620,1)
(44980,1)
(1120,1)
(55360,1)
(65680,1)
(19780,1)
(74620,1)
(71980,1)
(75400,1)
(10180,1)
(77980,1)
(55420,1)
(37060,1)
(37660,1)
(53020,1)
(24340,1)
(61540,1)
(73180,1)
(90460,1)
(76540,1)
(80500,1)
(53080,1)
(92500,1)
(16180,1)
(56440,1)
(83800,1)
(1420,1)
(22960,1)
(85060,1)
(820,1)
(4240,1)
(3340,1)
(93460,1)
(86860,1)
(9940,1)
(50140,1)
(3940,1)
(76300,1)
(43900,1)
(81460,1)
(81940,1)
(41140,1)
(50500,1)
(88300,1)
(57340,1)
(34300,1)
(74680,1)
(89860,1)
(33160,1)
(81760,1)
(33940,1)
(81340,1)
(5800,1)
(45700,1)
(52540,1)
(79240,1)
(30040,1)
(11320,1)
(65920,1)
(66460,1)
(85180,1)
(87340,1)
(37480,1)
(47980,1)
(87940,1)
(91600,1)
(42820,1)
(65620,1)
(68980,1)
(38440,1)
(78460,1)
(32560,1)
(35200,1)
(56680,1)
(72220,1)
(51220,1)
(70600,1)
(99760,1)
(82000,1)
(97420,1)
(2320,1)
(83260,1)
(34900,1)
(54460,1)
(62200,1)
(91180,1)
(38740,1)
(63640,1)
(28240,1)
(80980,1)
(13840,1)
(29740,1)
(35020,1)
(53140,1)
(94300,1)
(13060,1)
(47440,1)
(92140,1)
(94120,1)
(49000,1)
(94720,1)
(22000,1)
(56500,1)
(28720,1)
(41080,1)
(88360,1)
(42460,1)
(61840,1)
(20260,1)
(2380,1)
(45940,1)
(62380,1)
(47140,1)
(14440,1)
(30940,1)
(75640,1)
(26320,1)
(18460,1)
(46000,1)
(63160,1)
(28300,1)
(7960,1)
(11200,1)
(96340,1)
(62320,1)
(81640,1)
(28060,1)
(39940,1)
(68140,1)
(26620,1)
(61480,1)
(30880,1)
(39580,1)
(3460,1)
(64420,1)
(35680,1)
(73540,1)
(64840,1)
(46060,1)
(67240,1)
(41560,1)
(92680,1)
(75880,1)
(76840,1)
(29080,1)
(74740,1)
(54760,1)
(83680,1)
(6820,1)
(23920,1)
(22420,1)
(51520,1)
(32020,1)
(46600,1)
(99520,1)
(29920,1)
(64480,1)
(14800,1)
(47920,1)
(23980,1)
(19900,1)
(13360,1)
(58180,1)
(35980,1)
(72940,1)
(89380,1)
(72400,1)
(31360,1)
(33040,1)
(80440,1)
(46840,1)
(36940,1)
(17140,1)
(29260,1)
(80740,1)
(55120,1)
(84040,1)
(59500,1)
(13000,1)
(87280,1)
(27940,1)
(86500,1)
(52780,1)
(62560,1)
(75040,1)
(3820,1)
(79960,1)
(2500,1)
(12820,1)
(31660,1)
(18220,1)
(29440,1)
(20080,1)
(89980,1)
(44260,1)
(16660,1)
(9460,1)
(39340,1)
(87820,1)
(52000,1)
(99040,1)
(4720,1)
(62740,1)
(33700,1)
(50800,1)
(56380,1)
(66940,1)
(16720,1)
(48340,1)
(89680,1)
(70540,1)
(67720,1)
(43720,1)
(47200,1)
(2140,1)
(87760,1)
(61360,1)
(24100,1)
(86200,1)
(58840,1)
(95680,1)
(98800,1)
(78220,1)
(85960,1)
(35620,1)
(57100,1)
(1960,1)
(30520,1)
(33880,1)
(39160,1)
(47740,1)
(52600,1)
(17500,1)
(27160,1)
(55840,1)
(63280,1)
(59260,1)
(90160,1)
(90340,1)
(2920,1)
(66040,1)
(69160,1)
(68500,1)
(80800,1)
(99580,1)
(8200,1)
(46240,1)
(54520,1)
(45520,1)
(46720,1)
(90880,1)
(40600,1)
(49300,1)
(57880,1)
(12220,1)
(84820,1)
(26500,1)
(90700,1)
(51880,1)
(75460,1)
(2680,1)
(21100,1)
(93640,1)
(42040,1)
(70900,1)
(26440,1)
(4660,1)
(29560,1)
(52180,1)
(50320,1)
(68320,1)
(51340,1)
(63580,1)
(98440,1)
(18760,1)
(53740,1)
(63880,1)
(15640,1)
(84220,1)
(91060,1)
(2560,1)
(20740,1)
(1360,1)
(50020,1)
(66580,1)
(20560,1)
(28600,1)
(96880,1)
(17740,1)
(69040,1)
(40840,1)
(76000,1)
(66340,1)
(70120,1)
(40180,1)
(56080,1)
(99940,1)
(61060,1)
(55180,1)
(96520,1)
(60940,1)
(25240,1)
(39640,1)
(52660,1)
(75580,1)
(1180,1)
(47620,1)
(53680,1)
(28960,1)
(94660,1)
(51820,1)
(5560,1)
(22120,1)
(57700,1)
(87040,1)
(31540,1)
(2620,1)
(87160,1)
(32500,1)
(76780,1)
(37420,1)
(31720,1)
(61960,1)
(8560,1)
(13780,1)
(12700,1)
(97720,1)
(83500,1)
(84700,1)
(43120,1)
(95140,1)
(94180,1)
(22720,1)
(48940,1)
(84940,1)
(45580,1)
(88180,1)
(27580,1)
(35860,1)
(81580,1)
(47080,1)
(83920,1)
(1900,1)
(49720,1)
(62080,1)
(42100,1)
(6220,1)
(97240,1)
(51580,1)
(75820,1)
(59860,1)
(37300,1)
(42340,1)
(84760,1)
(10480,1)
(31960,1)
(36760,1)
(27820,1)
(88240,1)
(99460,1)
(95380,1)
(78040,1)
(23440,1)
(88960,1)
(19120,1)
(96580,1)
(97300,1)
(61900,1)
(23500,1)
(40540,1)
(79000,1)
(98260,1)
(24400,1)
(81880,1)
(48520,1)
(86980,1)
(60640,1)
(60040,1)
(83200,1)
(19600,1)
(72040,1)
(25960,1)
(44680,1)
(15340,1)
(70420,1)
(95980,1)
(24160,1)
(49060,1)
(71500,1)
(11260,1)
(70660,1)
(17200,1)
(25480,1)
(32440,1)
(64600,1)
(36160,1)
(85300,1)
(42400,1)
(15580,1)
(67660,1)
(27220,1)
(86800,1)
(68560,1)
(62140,1)
(39460,1)
(30640,1)
(55000,1)
(7060,1)
(74140,1)
(24520,1)
(4060,1)
(38560,1)
(92200,1)
(91900,1)
(97780,1)
(87460,1)
(17860,1)
(25060,1)
(81400,1)
(9640,1)
(93880,1)
(92380,1)
(13660,1)
(38980,1)
(64300,1)
(26800,1)
(43480,1)
(93700,1)
(34720,1)
(42880,1)
(37180,1)
(45340,1)
(69220,1)
(78580,1)
(56200,1)
(78940,1)
(62020,1)
(62800,1)
(62860,1)
(62980,1)
(77620,1)
(22240,1)
(86740,1)
(85600,1)
(49960,1)
(92080,1)
(65260,1)
(51160,1)
(44860,1)
(23200,1)
(18580,1)
(76900,1)
(80560,1)
(41440,1)
(35320,1)
(73060,1)
(6580,1)
(59740,1)
(77680,1)
(20500,1)
(85720,1)
(15760,1)
(90580,1)
(42700,1)
(42640,1)
(13120,1)
(50860,1)
(91960,1)
(83860,1)
(64660,1)
(77260,1)
(66160,1)
(23260,1)
(86560,1)
(28120,1)
(1540,1)
(44740,1)
(81040,1)
(77500,1)
(58300,1)
(67540,1)
(29020,1)
(56920,1)
(73780,1)
(16120,1)
(93820,1)
(85660,1)
(42160,1)
(2980,1)
(35260,1)
(400,1)
(79480,1)
(31180,1)
(23680,1)
(32380,1)
(2020,1)
(25300,1)
(9040,1)
(61660,1)
(94360,1)
(18160,1)
(14320,1)
(30460,1)
(94060,1)
(69580,1)
(79060,1)
(22780,1)
(88060,1)
(88540,1)
(41200,1)
(6340,1)
(40660,1)
(8920,1)
(3280,1)
(70480,1)
(44080,1)
(44620,1)
(4180,1)
(22360,1)
(16840,1)
(62620,1)
(11860,1)
(71320,1)
(9160,1)
(44560,1)
(68740,1)
(73840,1)
(84580,1)
(94900,1)
(85420,1)
(21340,1)
(59980,1)
(38620,1)
(28540,1)
(31840,1)
(41260,1)
(97120,1)
(27520,1)
(7360,1)
(33220,1)
(59380,1)
(31780,1)
(30220,1)
(11020,1)
(26380,1)
(44320,1)
(640,1)
(46120,1)
(65140,1)
(82900,1)
(43540,1)
(58600,1)
(53500,1)
(81280,1)
(43840,1)
(91420,1)
(65320,1)
(8500,1)
(7300,1)
(18940,1)
(36520,1)
(50080,1)
(69880,1)
(84280,1)
(61120,1)
(11920,1)
(35800,1)
(95200,1)
(78820,1)
(71080,1)
(33460,1)
(33820,1)
(30280,1)
(33520,1)
(28660,1)
(7660,1)
(1720,1)
(14260,1)
(97960,1)
(28420,1)
(79420,1)
(76480,1)
(20620,1)
(35560,1)
(39520,1)
(61720,1)
(60700,1)
(12340,1)
(46780,1)
(92560,1)
(60460,1)
(25660,1)
(71260,1)
(40900,1)
(47860,1)
(8440,1)
(61000,1)
(9820,1)
(46960,1)
(63040,1)
(39880,1)
(88780,1)
(5140,1)
(24280,1)
(19540,1)
(28000,1)
(95620,1)
(49660,1)
(12160,1)
(29860,1)
(13720,1)
(60160,1)
(6160,1)
(5200,1)
(74320,1)
(24940,1)
(50440,1)
(6880,1)
(72100,1)
(36880,1)
(98740,1)
(90280,1)
(65560,1)
(28780,1)
(59320,1)
(37000,1)
(1600,1)
(20320,1)
(96160,1)
(84460,1)
(94840,1)
(19960,1)
(41980,1)
(98500,1)
(5860,1)
(95560,1)
(45640,1)
(97600,1)
(22900,1)
(14560,1)
(37840,1)
(48160,1)
(22540,1)
(25600,1)
(69460,1)
(18880,1)
(72280,1)
(98020,1)
(80260,1)
(52060,1)
(12040,1)
(36340,1)
(53380,1)
(22060,1)
(74560,1)
(93220,1)
(83020,1)
(25840,1)
(32140,1)
(38380,1)
(65020,1)
(37720,1)
(49540,1)
(760,1)
(17020,1)
(36280,1)
(15160,1)
(75760,1)
(45820,1)
(65080,1)
(65500,1)
(6100,1)
(5980,1)
(67780,1)
(28840,1)
(20440,1)
(19720,1)
(36100,1)
(55960,1)
(84160,1)
(18820,1)
(35740,1)
(76600,1)
(68920,1)
(73900,1)
(78340,1)
(71860,1)
(26080,1)
(36220,1)
(27760,1)
(99880,1)
(70720,1)
(85540,1)
(41320,1)
(52960,1)
(69400,1)
(97480,1)
(65740,1)
(21880,1)
(74200,1)
(32620,1)
(96280,1)
(93100,1)
(43960,1)
(86440,1)
(76240,1)
(9880,1)
(20140,1)
(44440,1)
(25360,1)
(13600,1)
(46540,1)
(58120,1)
(37120,1)
(60340,1)
(7000,1)
(2740,1)
(12400,1)
(73720,1)
(49780,1)
(21760,1)
(70180,1)
(5020,1)
(34600,1)
(90100,1)
(38860,1)
(220,1)
(47380,1)
(54640,1)
(43600,1)
(46300,1)
(47800,1)
(83140,1)
(95800,1)
(5380,1)
(1240,1)
(52720,1)
(94240,1)
(8680,1)
(21460,1)
(92320,1)
(45280,1)
(53560,1)
(96100,1)
(85000,1)
(53800,1)
(46360,1)
(94420,1)
(59620,1)
(8380,1)
(15880,1)
(49840,1)
(16300,1)
(26680,1)
(49360,1)
(99220,1)
(58060,1)
(32080,1)
(52120,1)
(50380,1)
(40420,1)
(70060,1)
(75100,1)
(14080,1)
(33640,1)
(53320,1)
(72520,1)
(29980,1)
(70840,1)
(85120,1)
(82240,1)
(53200,1)
(88420,1)
(18100,1)
(97180,1)
(42280,1)
(89740,1)
(34060,1)
(2260,1)
(9340,1)
(3580,1)
(24580,1)
(8140,1)
(69340,1)
(55900,1)
(73420,1)
(11500,1)
(86260,1)
(86140,1)
(6520,1)
(39760,1)
(10840,1)
(72340,1)
(74380,1)
(59440,1)
(61780,1)
(97540,1)
(45400,1)
(4960,1)
(24880,1)
(27880,1)
(70240,1)
(520,1)
(98200,1)
(33580,1)
(88900,1)
(57640,1)
(58480,1)
(77800,1)
(1060,1)
(43780,1)
(95440,1)
(78160,1)
(23800,1)
(34180,1)
(81160,1)
(24820,1)
(35440,1)
(66640,1)
(11740,1)
(14740,1)
(67840,1)
(71680,1)
(74800,1)
(80140,1)
(64360,1)
(27700,1)
(27280,1)
(68260,1)
(68020,1)
(15520,1)
(55240,1)
(76720,1)
(95320,1)
(19300,1)
(56560,1)
(35500,1)
(91840,1)
(16540,1)
(32260,1)
(57220,1)
(24700,1)
(54940,1)
(60760,1)
(34780,1)
(10960,1)
(5500,1)
(79600,1)
(64000,1)
(19060,1)
(20200,1)
(69640,1)
(8320,1)
(12760,1)
(29320,1)
(9220,1)
(49240,1)
(32980,1)
(20800,1)
(82660,1)
(7120,1)
(78760,1)
(32920,1)
(91300,1)
(53440,1)
(59560,1)
(82780,1)
(7840,1)
(50620,1)
(56740,1)
(63940,1)
(21580,1)
(83560,1)
(54340,1)
(15100,1)
(69760,1)
(77140,1)
(45460,1)
(32200,1)
(89800,1)
(34000,1)
(27640,1)
(49900,1)
(27040,1)
(88120,1)
(92740,1)
(16240,1)
(62440,1)
(91660,1)
(55720,1)
(82300,1)
(99280,1)
(61600,1)
(99400,1)
(42220,1)
(93340,1)
(29800,1)
(44500,1)
(4420,1)
(10600,1)
(50680,1)
(17440,1)
(67960,1)
(17260,1)
(4840,1)
(45040,1)
(93280,1)
(69700,1)
(56860,1)
(50740,1)
(40000,1)
(17680,1)
(89080,1)
(62920,1)
(77560,1)
(28180,1)
(65200,1)
(41800,1)
(47320,1)
(67420,1)
(71020,1)
(48760,1)
(38800,1)
(56260,1)
(89140,1)
(19240,1)
(45760,1)
(9580,1)
(49180,1)
(70360,1)
(90820,1)
(89560,1)
(64780,1)
(78700,1)
(16000,1)
(32800,1)
(73660,1)
(74020,1)
(31600,1)
(71620,1)
(99640,1)
(16360,1)
(70780,1)
(73600,1)
(62680,1)
(91540,1)
(33280,1)
(58660,1)
(8980,1)
(37240,1)
(66100,1)
(92800,1)
(88720,1)
(7540,1)
(27460,1)
(72160,1)
(93940,1)
(97000,1)
(19360,1)
(16600,1)
(95500,1)
(17980,1)
(76180,1)
(57400,1)
(57040,1)
(4600,1)
(92980,1)
(89500,1)
(81220,1)
(64060,1)
(57940,1)
(24220,1)
(27340,1)
(49420,1)
(58360,1)
(36580,1)
(4360,1)
(51040,1)
(12880,1)
(56140,1)
(85360,1)
(12100,1)
(65860,1)
(55480,1)
(68380,1)
(26140,1)
(55600,1)
(13540,1)
(21400,1)
(70960,1)
(83320,1)
(35140,1)
(58900,1)
(23380,1)
(340,1)
(67120,1)
(54160,1)
(90940,1)
(99100,1)
(38200,1)
(53260,1)
(54400,1)
(7720,1)
(13900,1)
(6460,1)
(57580,1)
(87400,1)
(18400,1)
(41620,1)
(79660,1)
(96640,1)
(20920,1)
(83380,1)
(64180,1)
(88480,1)
(26020,1)
(72880,1)
(4000,1)
(20980,1)
(60220,1)
(95860,1)
(56800,1)
(6700,1)
(51760,1)
(3640,1)
(48460,1)
(67600,1)
(77320,1)
(82600,1)
(40720,1)
(92440,1)
(54280,1)
(37360,1)
(56980,1)
(80080,1)
(93040,1)
(63340,1)
(94480,1)
(34240,1)
(48400,1)
(9280,1)
(21520,1)
(29500,1)
(40240,1)
(79780,1)
(90520,1)
(15940,1)
(30340,1)
(44380,1)
(58000,1)
(39220,1)
(78880,1)
(98920,1)
(9400,1)
(94960,1)
(26860,1)
(5320,1)
(24040,1)
(54700,1)
(85480,1)
(89620,1)
(56020,1)
(29620,1)
(28900,1)
(46180,1)
(15280,1)
(54100,1)
(60580,1)
(86380,1)
(76960,1)
(26560,1)
(30160,1)
(13180,1)
(73480,1)
(80680,1)
(14140,1)
(29200,1)
(25120,1)
(64240,1)
(57460,1)
(8800,1)
(45100,1)
(71560,1)
(11080,1)
(81820,1)
(43420,1)
(79540,1)
(30700,1)
(56620,1)
(74500,1)
(83080,1)
(12640,1)
(78280,1)
(23740,1)
(7420,1)
(59680,1)
(76420,1)
(82180,1)
(6280,1)
(80920,1)
(33400,1)
(29140,1)
(73000,1)
(49600,1)
(17620,1)
(5440,1)
(38500,1)
(39400,1)
(40780,1)
(54580,1)
(43660,1)
(64900,1)
(93520,1)
(22480,1)
(89200,1)
(44800,1)
(71140,1)
(52840,1)
(3160,1)
(59800,1)
(77080,1)
(11380,1)
(86620,1)
(82360,1)
(2440,1)
(80200,1)
(88660,1)
(23020,1)
(8080,1)
(34360,1)
(71800,1)
(37900,1)
(75340,1)
(77440,1)
(95920,1)
(73360,1)
(25420,1)
(17800,1)
(63400,1)
(69520,1)
(8020,1)
(53860,1)
(71740,1)
(26980,1)
(1000,1)
(93580,1)
(96760,1)
(69280,1)
(37960,1)
(38020,1)
(19840,1)
(74860,1)
(58540,1)
(58780,1)
(43000,1)
(18040,1)
(23860,1)
(51460,1)
(55060,1)
(52360,1)
(3100,1)
(48040,1)
(85240,1)
(43060,1)
(57280,1)
(32320,1)
(13240,1)
(48820,1)
(59140,1)
(35920,1)
(79180,1)
(60880,1)
(88000,1)
(98380,1)
(10060,1)
(47680,1)
(87100,1)
(92920,1)
(37540,1)
(880,1)
(73960,1)
(43360,1)
(82480,1)
(53920,1)
(68080,1)
(12580,1)
(96820,1)
(59300,1)
(9200,1)
(31760,1)
(18500,1)
(70640,1)
(69380,1)
(28220,1)
(49040,1)
(88400,1)
(51620,1)
(1040,1)
(81800,1)
(85220,1)
(39560,1)
(140,1)
(10100,1)
(39620,1)
(67280,1)
(52400,1)
(56300,1)
(33920,1)
(57800,1)
(58880,1)
(72020,1)
(85340,1)
(62420,1)
(26120,1)
(22820,1)
(87860,1)
(25940,1)
(38600,1)
(34640,1)
(35420,1)
(67100,1)
(78800,1)
(52220,1)
(19160,1)
(87020,1)
(23780,1)
(97700,1)
(1280,1)
(35900,1)
(16460,1)
(12620,1)
(43220,1)
(44840,1)
(59720,1)
(87260,1)
(26900,1)
(56780,1)
(56540,1)
(94940,1)
(2180,1)
(15680,1)
(11000,1)
(58340,1)
(36200,1)
(20300,1)
(95900,1)
(3500,1)
(72140,1)
(2360,1)
(20780,1)
(38060,1)
(72320,1)
(81860,1)
(72200,1)
(1940,1)
(28820,1)
(30860,1)
(36620,1)
(40100,1)
(13940,1)
(40520,1)
(11480,1)
(29600,1)
(85580,1)
(51740,1)
(57680,1)
(29000,1)
(13160,1)
(62300,1)
(56720,1)
(11780,1)
(25040,1)
(80540,1)
(13280,1)
(48980,1)
(59900,1)
(15560,1)
(67220,1)
(10760,1)
(68360,1)
(47660,1)
(95720,1)
(5420,1)
(40880,1)
(10400,1)
(18260,1)
(35120,1)
(23180,1)
(74360,1)
(86000,1)
(10520,1)
(41000,1)
(56660,1)
(3980,1)
(14540,1)
(30020,1)
(56060,1)
(36140,1)
(46640,1)
(69980,1)
(8420,1)
(12080,1)
(92840,1)
(3140,1)
(27020,1)
(79280,1)
(62000,1)
(18920,1)
(78560,1)
(97820,1)
(99800,1)
(69740,1)
(34160,1)
(90080,1)
(82220,1)
(39140,1)
(70460,1)
(62840,1)
(61820,1)
(13520,1)
(96980,1)
(60560,1)
(13400,1)
(50120,1)
(3620,1)
(24740,1)
(32420,1)
(80660,1)
(55340,1)
(36500,1)
(39740,1)
(97040,1)
(95360,1)
(91940,1)
(74840,1)
(68480,1)
(29180,1)
(84380,1)
(88340,1)
(83360,1)
(38360,1)
(49580,1)
(76880,1)
(44240,1)
(61760,1)
(94640,1)
(17660,1)
(53240,1)
(98720,1)
(81980,1)
(49220,1)
(97520,1)
(54800,1)
(30620,1)
(4220,1)
(85040,1)
(18020,1)
(6980,1)
(83900,1)
(77240,1)
(5300,1)
(34220,1)
(83240,1)
(60260,1)
(3380,1)
(13460,1)
(90500,1)
(36800,1)
(21080,1)
(87320,1)
(32900,1)
(29120,1)
(89180,1)
(64580,1)
(92600,1)
(94100,1)
(15440,1)
(37580,1)
(91280,1)
(21920,1)
(93260,1)
(27560,1)
(8060,1)
(61040,1)
(73220,1)
(42980,1)
(54740,1)
(39200,1)
(94220,1)
(71300,1)
(57980,1)
(96440,1)
(8660,1)
(9080,1)
(11060,1)
(57260,1)
(43280,1)
(22460,1)
(33980,1)
(57380,1)
(19700,1)
(96080,1)
(37820,1)
(78440,1)
(29240,1)
(12680,1)
(61160,1)
(18320,1)
(72380,1)
(94880,1)
(95660,1)
(56000,1)
(58220,1)
(98540,1)
(83960,1)
(16580,1)
(76640,1)
(66740,1)
(8480,1)
(76700,1)
(67520,1)
(47900,1)
(48500,1)
(97940,1)
(70520,1)
(31040,1)
(95840,1)
(24260,1)
(48320,1)
(31400,1)
(62060,1)
(36320,1)
(84020,1)
(54500,1)
(63860,1)
(74060,1)
(39320,1)
(15260,1)
(62240,1)
(98360,1)
(19040,1)
(37520,1)
(84260,1)
(37940,1)
(10640,1)
(67340,1)
(14360,1)
(27260,1)
(7100,1)
(66380,1)
(91520,1)
(22520,1)
(65780,1)
(82760,1)
(68240,1)
(41720,1)
(78500,1)
(64340,1)
(66860,1)
(90020,1)
(45620,1)
(80480,1)
(46520,1)
(85280,1)
(81320,1)
(28400,1)
(62480,1)
(27200,1)
(17060,1)
(17780,1)
(44960,1)
(62900,1)
(16040,1)
(69860,1)
(87980,1)
(1400,1)
(6920,1)
(28280,1)
(63800,1)
(7760,1)
(48860,1)
(68540,1)
(44360,1)
(68420,1)
(10880,1)
(15380,1)
(78140,1)
(45380,1)
(38240,1)
(77120,1)
(44540,1)
(20540,1)
(25520,1)
(95540,1)
(83480,1)
(20480,1)
(2300,1)
(22340,1)
(27500,1)
(54860,1)
(95600,1)
(32780,1)
(55280,1)
(76280,1)
(69320,1)
(44420,1)
(16700,1)
(30800,1)
(97880,1)
(19220,1)
(49340,1)
(68120,1)
(9440,1)
(76040,1)
(8180,1)
(94580,1)
(78740,1)
(27800,1)
(41240,1)
(49940,1)
(50960,1)
(81020,1)
(42320,1)
(20,1)
(69080,1)
(14600,1)
(53360,1)
(7280,1)
(21260,1)
(71180,1)
(1580,1)
(26720,1)
(76160,1)
(59840,1)
(17000,1)
(79520,1)
(56420,1)
(49700,1)
(16760,1)
(51980,1)
(28100,1)
(45800,1)
(75560,1)
(60740,1)
(83120,1)
(98060,1)
(33080,1)
(9020,1)
(76520,1)
(620,1)
(39860,1)
(63500,1)
(88880,1)
(41420,1)
(5840,1)
(75140,1)
(30380,1)
(88100,1)
(36560,1)
(23120,1)
(87500,1)
(91760,1)
(86840,1)
(66620,1)
(52460,1)
(40160,1)
(99500,1)
(35840,1)
(84140,1)
(82160,1)
(49400,1)
(11660,1)
(2060,1)
(86180,1)
(21440,1)
(82280,1)
(68900,1)
(89840,1)
(3440,1)
(95480,1)
(51260,1)
(4520,1)
(30080,1)
(2120,1)
(43700,1)
(96320,1)
(14720,1)
(40040,1)
(15140,1)
(47480,1)
(23420,1)
(49820,1)
(560,1)
(26180,1)
(36380,1)
(39080,1)
(37700,1)
(11840,1)
(20960,1)
(55940,1)
(6500,1)
(99200,1)
(74600,1)
(75020,1)
(98480,1)
(19880,1)
(66020,1)
(89960,1)
(66080,1)
(67700,1)
(69680,1)
(46460,1)
(39260,1)
(42200,1)
(68000,1)
(41060,1)
(74420,1)
(70580,1)
(24080,1)
(1880,1)
(57500,1)
(61460,1)
(85940,1)
(65540,1)
(61100,1)
(58100,1)
(4280,1)
(83300,1)
(29060,1)
(15920,1)
(96800,1)
(9680,1)
(56120,1)
(13580,1)
(93320,1)
(57740,1)
(27080,1)
(74660,1)
(75080,1)
(35240,1)
(47060,1)
(43640,1)
(66800,1)
(96680,1)
(54680,1)
(84560,1)
(2540,1)
(13760,1)
(6560,1)
(59060,1)
(16340,1)
(24560,1)
(64760,1)
(4580,1)
(67040,1)
(67940,1)
(25160,1)
(42620,1)
(99920,1)
(12020,1)
(95000,1)
(86660,1)
(66140,1)
(27920,1)
(4160,1)
(13220,1)
(44060,1)
(95120,1)
(90140,1)
(86960,1)
(40280,1)
(57200,1)
(7820,1)
(91700,1)
(16820,1)
(71480,1)
(30980,1)
(37280,1)
(12140,1)
(34040,1)
(90680,1)
(96740,1)
(10820,1)
(16640,1)
(36740,1)
(34760,1)
(38180,1)
(2420,1)
(34820,1)
(71900,1)
(22040,1)
(27620,1)
(20060,1)
(61880,1)
(73040,1)
(73700,1)
(74900,1)
(84500,1)
(29840,1)
(1340,1)
(64220,1)
(85700,1)
(5000,1)
(17840,1)
(28460,1)
(75200,1)
(52520,1)
(24860,1)
(86540,1)
(85760,1)
(51800,1)
(71960,1)
(19460,1)
(96140,1)
(20180,1)
(27740,1)
(22160,1)
(45920,1)
(15800,1)
(84980,1)
(45740,1)
(2780,1)
(45080,1)
(72500,1)
(93920,1)
(14120,1)
(49640,1)
(61400,1)
(22400,1)
(5720,1)
(89480,1)
(65720,1)
(60620,1)
(41960,1)
(52100,1)
(79760,1)
(40340,1)
(15740,1)
(66980,1)
(2480,1)
(50420,1)
(72560,1)
(9140,1)
(14060,1)
(7220,1)
(88760,1)
(79160,1)
(67580,1)
(42080,1)
(60020,1)
(6080,1)
(87800,1)
(30320,1)
(97400,1)
(96200,1)
(90380,1)
(18980,1)
(34400,1)
(90560,1)
(6680,1)
(31160,1)
(27980,1)
(17180,1)
(34940,1)
(70100,1)
(20840,1)
(70040,1)
(87080,1)
(56240,1)
(47300,1)
(73580,1)
(66680,1)
(72680,1)
(58160,1)
(53180,1)
(53300,1)
(21500,1)
(2840,1)
(89720,1)
(63320,1)
(17240,1)
(15500,1)
(94820,1)
(52580,1)
(54440,1)
(98300,1)
(33740,1)
(20660,1)
(98420,1)
(30140,1)
(16220,1)
(72620,1)
(66560,1)
(97640,1)
(21800,1)
(46820,1)
(98780,1)
(45440,1)
(27440,1)
(51860,1)
(96380,1)
(38000,1)
(7880,1)
(51020,1)
(77900,1)
(51200,1)
(88040,1)
(40820,1)
(5780,1)
(6800,1)
(9560,1)
(76460,1)
(68060,1)
(71420,1)
(87620,1)
(92240,1)
(70940,1)
(72440,1)
(60920,1)
(73640,1)
(86300,1)
(83180,1)
(37400,1)
(860,1)
(8360,1)
(39500,1)
(45200,1)
(93200,1)
(80240,1)
(13700,1)
(77720,1)
(29720,1)
(70280,1)
(63740,1)
(60200,1)
(80120,1)
(21980,1)
(3680,1)
(79880,1)
(25100,1)
(64160,1)
(80180,1)
(28880,1)
(5600,1)
(35720,1)
(76400,1)
(64640,1)
(77300,1)
(78320,1)
(89060,1)
(5480,1)
(78200,1)
(90320,1)
(12560,1)
(63920,1)
(7460,1)
(13640,1)
(42500,1)
(38900,1)
(25460,1)
(77600,1)
(93980,1)
(3260,1)
(5360,1)
(50720,1)
(21140,1)
(34520,1)
(14480,1)
(78980,1)
(74180,1)
(93560,1)
(52700,1)
(16100,1)
(95240,1)
(71540,1)
(33500,1)
(93680,1)
(23840,1)
(48560,1)
(31820,1)
(77780,1)
(30500,1)
(70700,1)
(1760,1)
(27140,1)
(42020,1)
(60080,1)
(13820,1)
(14000,1)
(76220,1)
(78920,1)
(97280,1)
(80300,1)
(46340,1)
(82520,1)
(9500,1)
(53000,1)
(61340,1)
(73880,1)
(43940,1)
(26780,1)
(84920,1)
(59780,1)
(60140,1)
(68840,1)
(20720,1)
(34880,1)
(68960,1)
(91100,1)
(28160,1)
(51080,1)
(5900,1)
(57020,1)
(98960,1)
(26360,1)
(66200,1)
(79460,1)
(96860,1)
(10700,1)
(83780,1)
(89540,1)
(58580,1)
(20900,1)
(25340,1)
(33200,1)
(14960,1)
(89660,1)
(71000,1)
(15200,1)
(33140,1)
(25820,1)
(74120,1)
(93500,1)
(93140,1)
(7640,1)
(80360,1)
(980,1)
(13880,1)
(25700,1)
(47960,1)
(65600,1)
(15320,1)
(79400,1)
(76100,1)
(82400,1)
(80060,1)
(79700,1)
(18740,1)
(53960,1)
(26540,1)
(46880,1)
(76820,1)
(24680,1)
(37160,1)
(83720,1)
(73280,1)
(59960,1)
(21680,1)
(45860,1)
(7940,1)
(58040,1)
(84620,1)
(92900,1)
(15020,1)
(16400,1)
(800,1)
(63560,1)
(4880,1)
(18860,1)
(41360,1)
(45140,1)
(60440,1)
(87380,1)
(91820,1)
(12740,1)
(49760,1)
(29480,1)
(24980,1)
(4340,1)
(75260,1)
(11180,1)
(28520,1)
(53720,1)
(22100,1)
(72920,1)
(42380,1)
(45320,1)
(11720,1)
(18380,1)
(53540,1)
(93440,1)
(93620,1)
(51380,1)
(8240,1)
(99680,1)
(51140,1)
(76940,1)
(73760,1)
(78680,1)
(50660,1)
(52040,1)
(90440,1)
(56600,1)
(32540,1)
(90860,1)
(94760,1)
(64460,1)
(73940,1)
(29540,1)
(55460,1)
(35960,1)
(64040,1)
(81920,1)
(99560,1)
(84860,1)
(31460,1)
(32480,1)
(44120,1)
(55820,1)
(83420,1)
(42440,1)
(66440,1)
(17480,1)
(38420,1)
(6440,1)
(36860,1)
(10280,1)
(23240,1)
(65840,1)
(7700,1)
(50600,1)
(29660,1)
(87200,1)
(16940,1)
(23000,1)
(91880,1)
(50840,1)
(10340,1)
(52760,1)
(48020,1)
(29420,1)
(92120,1)
(54920,1)
(55520,1)
(64940,1)
(21380,1)
(53600,1)
(33680,1)
(82040,1)
(95300,1)
(21020,1)
(76760,1)
(62960,1)
(82100,1)
(23540,1)
(90800,1)
(43580,1)
(63980,1)
(94460,1)
(41900,1)
(24620,1)
(42740,1)
(32660,1)
(53420,1)
(83000,1)
(69140,1)
(17960,1)
(26060,1)
(99740,1)
(60500,1)
(94400,1)
(46040,1)
(19640,1)
(30200,1)
(79100,1)
(42800,1)
(52280,1)
(91580,1)
(32960,1)
(2600,1)
(88940,1)
(24320,1)
(42860,1)
(94040,1)
(34100,1)
(50000,1)
(3740,1)
(37040,1)
(55220,1)
(32240,1)
(740,1)
(36440,1)
(37640,1)
(99320,1)
(30560,1)
(47240,1)
(65180,1)
(95060,1)
(78020,1)
(89240,1)
(19760,1)
(66500,1)
(1100,1)
(11600,1)
(61640,1)
(68180,1)
(17720,1)
(26000,1)
(18680,1)
(21320,1)
(14420,1)
(61580,1)
(4940,1)
(55100,1)
(6140,1)
(21200,1)
(97460,1)
(45500,1)
(54560,1)
(56900,1)
(56480,1)
(50540,1)
(55880,1)
(18560,1)
(88820,1)
(23060,1)
(94520,1)
(32360,1)
(53060,1)
(57920,1)
(15860,1)
(21860,1)
(22640,1)
(31880,1)
(38960,1)
(88640,1)
(35300,1)
(58760,1)
(78620,1)
(35780,1)
(47600,1)
(75980,1)
(96500,1)
(30740,1)
(31940,1)
(84740,1)
(21560,1)
(40940,1)
(29960,1)
(17540,1)
(49160,1)
(23360,1)
(65420,1)
(89360,1)
(93860,1)
(29780,1)
(15620,1)
(81260,1)
(35660,1)
(98180,1)
(30680,1)
(39020,1)
(53120,1)
(26300,1)
(56960,1)
(94340,1)
(3020,1)
(9260,1)
(75680,1)
(75920,1)
(64400,1)
(54320,1)
(16280,1)
(87740,1)
(17300,1)
(69260,1)
(72080,1)
(64520,1)
(67880,1)
(67640,1)
(41300,1)
(2720,1)
(63680,1)
(82940,1)
(89600,1)
(64820,1)
(20120,1)
(57440,1)
(55760,1)
(14300,1)
(35360,1)
(33020,1)
(50360,1)
(36920,1)
(32000,1)
(47360,1)
(53780,1)
(82580,1)
(3080,1)
(63440,1)
(77660,1)
(48200,1)
(13040,1)
(85400,1)
(8600,1)
(48800,1)
(19820,1)
(43400,1)
(60980,1)
(99140,1)
(66260,1)
(22700,1)
(99980,1)
(96620,1)
(78860,1)
(53900,1)
(31640,1)
(50300,1)
(71240,1)
(60800,1)
(86780,1)
(49520,1)
(86420,1)
(71360,1)
(9380,1)
(15980,1)
(32300,1)
(7520,1)
(79340,1)
(3860,1)
(21740,1)
(61520,1)
(91040,1)
(95780,1)
(1220,1)
(73460,1)
(12800,1)
(69800,1)
(19520,1)
(72740,1)
(67460,1)
(28580,1)
(2000,1)
(68660,1)
(38780,1)
(81380,1)
(36020,1)
(40640,1)
(58940,1)
(58460,1)
(84680,1)
(92360,1)
(43520,1)
(58820,1)
(27680,1)
(43820,1)
(46580,1)
(63080,1)
(68600,1)
(92660,1)
(9620,1)
(29300,1)
(57560,1)
(67160,1)
(57080,1)
(75860,1)
(55640,1)
(24380,1)
(37460,1)
(93740,1)
(92960,1)
(88520,1)
(12980,1)
(52880,1)
(69020,1)
(51500,1)
(5180,1)
(4400,1)
(99020,1)
(50480,1)
(74240,1)
(5960,1)
(23660,1)
(7340,1)
(82880,1)
(61940,1)
(37100,1)
(33800,1)
(78260,1)
(87140,1)
(41840,1)
(54140,1)
(4100,1)
(59480,1)
(47780,1)
(51560,1)
(5120,1)
(33560,1)
(920,1)
(70820,1)
(52640,1)
(74000,1)
(86060,1)
(71060,1)
(91400,1)
(8900,1)
(19580,1)
(23900,1)
(10580,1)
(58520,1)
(99380,1)
(27320,1)
(37880,1)
(40760,1)
(86600,1)
(13340,1)
(62660,1)
(38840,1)
(72980,1)
(29900,1)
(22220,1)
(67760,1)
(84200,1)
(90740,1)
(54980,1)
(440,1)
(32720,1)
(28640,1)
(30920,1)
(75320,1)
(11240,1)
(91640,1)
(22940,1)
(9320,1)
(80,1)
(55700,1)
(46400,1)
(72800,1)
(69920,1)
(62780,1)
(10160,1)
(98240,1)
(38720,1)
(8300,1)
(77540,1)
(44780,1)
(61280,1)
(42560,1)
(32060,1)
(9740,1)
(77360,1)
(54260,1)
(83840,1)
(24020,1)
(81140,1)
(80600,1)
(200,1)
(55580,1)
(7040,1)
(93380,1)
(52820,1)
(3800,1)
(1640,1)
(14840,1)
(82700,1)
(95960,1)
(4820,1)
(49100,1)
(8000,1)
(63260,1)
(98900,1)
(78080,1)
(41780,1)
(70760,1)
(85520,1)
(41540,1)
(97100,1)
(73820,1)
(77840,1)
(66920,1)
(40580,1)
(8540,1)
(49460,1)
(6620,1)
(18800,1)
(3200,1)
(43160,1)
(16880,1)
(73520,1)
(24800,1)
(34280,1)
(5060,1)
(9860,1)
(79820,1)
(45680,1)
(41180,1)
(55160,1)
(62600,1)
(78380,1)
(62540,1)
(12320,1)
(89420,1)
(19940,1)
(70880,1)
(34340,1)
(31220,1)
(79940,1)
(91460,1)
(89120,1)
(31520,1)
(42260,1)
(79580,1)
(62720,1)
(5540,1)
(98840,1)
(6860,1)
(90260,1)
(35480,1)
(44720,1)
(71840,1)
(93020,1)
(80960,1)
(60680,1)
(43460,1)
(92720,1)
(32180,1)
(26960,1)
(96020,1)
(12260,1)
(87680,1)
(45980,1)
(320,1)
(88700,1)
(58400,1)
(39800,1)
(70400,1)
(12920,1)
(73160,1)
(5660,1)
(81440,1)
(20420,1)
(75500,1)
(86360,1)
(65060,1)
(24440,1)
(89000,1)
(65000,1)
(46100,1)
(5240,1)
(11900,1)
(20600,1)
(11360,1)
(94280,1)
(62180,1)
(71780,1)
(2960,1)
(94160,1)
(35060,1)
(71720,1)
(39920,1)
(25280,1)
(37760,1)
(57620,1)
(36080,1)
(84320,1)
(85880,1)
(70160,1)
(96260,1)
(33440,1)
(11120,1)
(23720,1)
(69620,1)
(3320,1)
(34700,1)
(26240,1)
(98600,1)
(73100,1)
(25760,1)
(47420,1)
(48920,1)
(8720,1)
(74960,1)
(10940,1)
(14900,1)
(48380,1)
(24920,1)
(4760,1)
(94700,1)
(59000,1)
(98660,1)
(38480,1)
(53840,1)
(19400,1)
(12500,1)
(6020,1)
(84080,1)
(14180,1)
(66320,1)
(64700,1)
(82820,1)
(77180,1)
(62360,1)
(58700,1)
(68720,1)
(86900,1)
(46760,1)
(97760,1)
(3560,1)
(43760,1)
(48260,1)
(54380,1)
(75440,1)
(44600,1)
(12440,1)
(30260,1)
(85160,1)
(86120,1)
(12860,1)
(25580,1)
(90620,1)
(30440,1)
(47000,1)
(41120,1)
(72860,1)
(19340,1)
(92540,1)
(40700,1)
(35180,1)
(7160,1)
(26420,1)
(68300,1)
(77480,1)
(89300,1)
(59660,1)
(45560,1)
(23300,1)
(31580,1)
(53660,1)
(23960,1)
(81560,1)
(39680,1)
(33380,1)
(82340,1)
(2660,1)
(18140,1)
(17120,1)
(35540,1)
(26840,1)
(38300,1)
(89900,1)
(75800,1)
(60380,1)
(77060,1)
(71120,1)
(31700,1)
(43040,1)
(4460,1)
(75620,1)
(36980,1)
(87560,1)
(1700,1)
(17900,1)
(24140,1)
(19100,1)
(44180,1)
(42140,1)
(97220,1)
(22580,1)
(79040,1)
(46280,1)
(14660,1)
(54020,1)
(73400,1)
(98120,1)
(9980,1)
(75380,1)
(99260,1)
(8120,1)
(22760,1)
(40460,1)
(54620,1)
(38660,1)
(26660,1)
(70340,1)
(65120,1)
(70220,1)
(4040,1)
(77000,1)
(18620,1)
(69200,1)
(58640,1)
(92060,1)
(92780,1)
(50900,1)
(65660,1)
(16160,1)
(63620,1)
(86480,1)
(89780,1)
(6200,1)
(76580,1)
(14780,1)
(48140,1)
(8780,1)
(33620,1)
(88460,1)
(8960,1)
(27380,1)
(64100,1)
(28700,1)
(32120,1)
(26480,1)
(80780,1)
(51320,1)
(380,1)
(25220,1)
(28040,1)
(80420,1)
(6320,1)
(65300,1)
(500,1)
(55400,1)
(59360,1)
(59120,1)
(29360,1)
(74480,1)
(77960,1)
(2900,1)
(67820,1)
(10220,1)
(59240,1)
(81740,1)
(260,1)
(63380,1)
(44900,1)
(91220,1)
(71600,1)
(69560,1)
(55040,1)
(88160,1)
(17420,1)
(81500,1)
(32600,1)
(25400,1)
(93080,1)
(90980,1)
(74780,1)
(47840,1)
(19280,1)
(43880,1)
(83600,1)
(92180,1)
(4700,1)
(65360,1)
(21620,1)
(20000,1)
(46940,1)
(20240,1)
(84440,1)
(84800,1)
(45260,1)
(97340,1)
(93800,1)
(12200,1)
(28940,1)
(15080,1)
(99080,1)
(80000,1)
(50240,1)
(63140,1)
(59540,1)
(39980,1)
(23600,1)
(85640,1)
(22880,1)
(69500,1)
(60320,1)
(33860,1)
(57140,1)
(91160,1)
(92000,1)
(40400,1)
(11540,1)
(11960,1)
(96920,1)
(47180,1)
(7400,1)
(82460,1)
(48740,1)
(52940,1)
(92300,1)
(40220,1)
(48680,1)
(1520,1)
(6260,1)
(20360,1)
(54080,1)
(88580,1)
(83660,1)
(97580,1)
(18200,1)
(45020,1)
(6380,1)
(49280,1)
(98000,1)
(50780,1)
(38120,1)
(74720,1)
(91340,1)
(76340,1)
(10460,1)
(44480,1)
(31340,1)
(17360,1)
(22280,1)
(64280,1)
(80840,1)
(79640,1)
(23480,1)
(47720,1)
(56360,1)
(33320,1)
(59600,1)
(8840,1)
(83540,1)
(2240,1)
(64880,1)
(61220,1)
(62120,1)
(25640,1)
(34580,1)
(37220,1)
(31100,1)
(71660,1)
(80900,1)
(65960,1)
(14240,1)
(41600,1)
(11300,1)
(47120,1)
(7580,1)
(53480,1)
(17600,1)
(85460,1)
(11420,1)
(1820,1)
(88280,1)
(47540,1)
(74300,1)
(74540,1)
(6740,1)
(79220,1)
(46220,1)
(34460,1)
(39440,1)
(31280,1)
(75740,1)
(24200,1)
(63200,1)
(85100,1)
(92420,1)
(81620,1)
(95180,1)
(10040,1)
(51920,1)
(25880,1)
(39380,1)
(44660,1)
(57320,1)
(41660,1)
(18440,1)
(63020,1)
(51680,1)
(28340,1)
(77420,1)
(65240,1)
(56180,1)
(32840,1)
(87440,1)
(24500,1)
(46160,1)
(4640,1)
(33260,1)
(57860,1)
(58280,1)
(95420,1)
(9920,1)
(99440,1)
(81200,1)
(69440,1)
(99620,1)
(36260,1)
(86240,1)
(49880,1)
(90920,1)
(35600,1)
(16520,1)
(38540,1)
(37340,1)
(92480,1)
(28760,1)
(72260,1)
(88220,1)
(65480,1)
(50180,1)
(27860,1)
(50060,1)
(85820,1)
(90200,1)
(54200,1)
(81080,1)
(3920,1)
(67400,1)
(44000,1)
(43100,1)
(52340,1)
(83060,1)
(1160,1)
(46700,1)
(680,1)
(81680,1)
(59180,1)
(99860,1)
(48620,1)
(26600,1)
(9800,1)
(36680,1)
(18080,1)
(61700,1)
(51440,1)
(65900,1)
(82640,1)
(96560,1)
(41480,1)
(56840,1)
(44300,1)
(60860,1)
(43340,1)
(42680,1)
(1460,1)
(42920,1)
(73340,1)
(35000,1)
(59420,1)
(48080,1)
(48440,1)
(68780,1)
(97160,1)
(52160,1)
(12380,1)
(87920,1)
(13100,1)
(80720,1)
(86720,1)
(37921,1)
(41521,1)
(19021,1)
(31201,1)
(52981,1)
(11461,1)
(78961,1)
(8401,1)
(80941,1)
(53821,1)
(16201,1)
(25381,1)
(58321,1)
(51301,1)
(40981,1)
(26761,1)
(9361,1)
(7081,1)
(23221,1)
(41821,1)
(40921,1)
(59461,1)
(50821,1)
(80341,1)
(52021,1)
(70021,1)
(79621,1)
(64261,1)
(70441,1)
(81661,1)
(89761,1)
(11281,1)
(16321,1)
(31081,1)
(6121,1)
(38581,1)
(49141,1)
(33721,1)
(22981,1)
(28141,1)
(65461,1)
(97141,1)
(32521,1)
(72781,1)
(7321,1)
(97921,1)
(25261,1)
(29341,1)
(40141,1)
(78421,1)
(74941,1)
(87001,1)
(42961,1)
(12421,1)
(98761,1)
(17341,1)
(59221,1)
(44941,1)
(44401,1)
(74821,1)
(541,1)
(49921,1)
(53341,1)
(24721,1)
(22741,1)
(73981,1)
(25201,1)
(38281,1)
(87961,1)
(78481,1)
(76441,1)
(36121,1)
(28561,1)
(34441,1)
(89701,1)
(50701,1)
(42481,1)
(94501,1)
(21181,1)
(90241,1)
(14101,1)
(21121,1)
(93421,1)
(22441,1)
(9961,1)
(3901,1)
(51721,1)
(31021,1)
(33541,1)
(21781,1)
(64081,1)
(43501,1)
(68221,1)
(13141,1)
(961,1)
(32461,1)
(19801,1)
(97261,1)
(63661,1)
(73021,1)
(67381,1)
(35281,1)
(13201,1)
(77761,1)
(13801,1)
(68101,1)
(71581,1)
(92821,1)
(23821,1)
(54001,1)
(15301,1)
(58681,1)
(13681,1)
(35821,1)
(46681,1)
(8041,1)
(18721,1)
(47281,1)
(25321,1)
(62281,1)
(73261,1)
(99361,1)
(63001,1)
(70741,1)
(42781,1)
(64141,1)
(4381,1)
(9301,1)
(85741,1)
(3061,1)
(11641,1)
(54061,1)
(2581,1)
(2281,1)
(6541,1)
(94261,1)
(27181,1)
(601,1)
(99961,1)
(5161,1)
(7801,1)
(69841,1)
(50881,1)
(37021,1)
(38641,1)
(94321,1)
(99001,1)
(64921,1)
(45601,1)
(33001,1)
(35701,1)
(69361,1)
(47881,1)
(77941,1)
(2641,1)
(13981,1)
(86101,1)
(81181,1)
(55321,1)
(5341,1)
(15601,1)
(33661,1)
(3541,1)
(88981,1)
(91441,1)
(43081,1)
(96721,1)
(98461,1)
(36301,1)
(34081,1)
(36541,1)
(30121,1)
(55921,1)
(85921,1)
(19321,1)
(48061,1)
(1981,1)
(32821,1)
(52081,1)
(17701,1)
(29221,1)
(57421,1)
(74041,1)
(6241,1)
(58501,1)
(20641,1)
(81901,1)
(72001,1)
(95221,1)
(44341,1)
(50341,1)
(67621,1)
(82681,1)
(17881,1)
(47701,1)
(55381,1)
(5401,1)
(22141,1)
(65881,1)
(48121,1)
(12241,1)
(64861,1)
(24841,1)
(43621,1)
(39661,1)
(77281,1)
(96181,1)
(35101,1)
(45961,1)
(66181,1)
(53161,1)
(35041,1)
(39121,1)
(45001,1)
(58741,1)
(75121,1)
(97201,1)
(9781,1)
(19561,1)
(7501,1)
(6061,1)
(74701,1)
(25621,1)
(9481,1)
(59761,1)
(79501,1)
(79201,1)
(82501,1)
(88861,1)
(83341,1)
(55081,1)
(20161,1)
(79021,1)
(87601,1)
(39961,1)
(9121,1)
(52261,1)
(38821,1)
(56341,1)
(6301,1)
(34501,1)
(42121,1)
(42601,1)
(60121,1)
(49381,1)
(80041,1)
(72541,1)
(11341,1)
(96421,1)
(28021,1)
(1681,1)
(62701,1)
(24901,1)
(20701,1)
(45901,1)
(40561,1)
(79741,1)
(24781,1)
(53221,1)
(74161,1)
(15181,1)
(24121,1)
(49561,1)
(50281,1)
(40801,1)
(94621,1)
(95461,1)
(65581,1)
(51181,1)
(37501,1)
(21001,1)
(96541,1)
(41701,1)
(80881,1)
(41221,1)
(35461,1)
(17581,1)
(57721,1)
(58561,1)
(57481,1)
(49861,1)
(16561,1)
(31621,1)
(64621,1)
(39421,1)
(98101,1)
(83281,1)
(97741,1)
(72421,1)
(80221,1)
(66121,1)
(35521,1)
(34141,1)
(47221,1)
(8161,1)
(11821,1)
(53761,1)
(44761,1)
(18241,1)
(95821,1)
(6781,1)
(2701,1)
(66841,1)
(63841,1)
(93841,1)
(45721,1)
(36481,1)
(54121,1)
(30301,1)
(75241,1)
(17221,1)
(84901,1)
(68401,1)
(67201,1)
(62401,1)
(70141,1)
(13561,1)
(2161,1)
(41041,1)
(22621,1)
(35401,1)
(38521,1)
(86341,1)
(68281,1)
(26941,1)
(47521,1)
(29881,1)
(35641,1)
(61141,1)
(17641,1)
(89821,1)
(88681,1)
(1141,1)
(80761,1)
(14521,1)
(28801,1)
(51541,1)
(68161,1)
(3481,1)
(77701,1)
(77341,1)
(14701,1)
(91681,1)
(99121,1)
(61861,1)
(65401,1)
(18661,1)
(40021,1)
(10981,1)
(38221,1)
(63601,1)
(87061,1)
(78661,1)
(70261,1)
(97081,1)
(89521,1)
(18181,1)
(14641,1)
(1381,1)
(16081,1)
(3121,1)
(97801,1)
(52621,1)
(58981,1)
(69421,1)
(96961,1)
(34021,1)
(66961,1)
(50521,1)
(21361,1)
(34561,1)
(54961,1)
(57001,1)
(97321,1)
(13741,1)
(80821,1)
(99541,1)
(69481,1)
(23281,1)
(9241,1)
(15421,1)
(59581,1)
(3841,1)
(73801,1)
(53101,1)
(91501,1)
(46621,1)
(45841,1)
(63541,1)
(79321,1)
(81541,1)
(10801,1)
(18421,1)
(76621,1)
(45781,1)
(94681,1)
(9541,1)
(15481,1)
(98941,1)
(86641,1)
(15661,1)
(43861,1)
(90001,1)
(1861,1)
(23341,1)
(49321,1)
(92941,1)
(85801,1)
(71461,1)
(19261,1)
(26461,1)
(19201,1)
(41761,1)
(1201,1)
(2941,1)
(38101,1)
(60241,1)
(5881,1)
(45661,1)
(91561,1)
(26161,1)
(84781,1)
(27001,1)
(67861,1)
(23161,1)
(49681,1)
(85141,1)
(61021,1)
(54361,1)
(50041,1)
(6181,1)
(78721,1)
(82561,1)
(5581,1)
(1501,1)
(74581,1)
(81421,1)
(24961,1)
(13021,1)
(4801,1)
(52141,1)
(62461,1)
(61501,1)
(82381,1)
(36721,1)
(46141,1)
(69661,1)
(15361,1)
(39841,1)
(12661,1)
(54661,1)
(73381,1)
(76741,1)
(73201,1)
(92341,1)
(83461,1)
(73681,1)
(10681,1)
(24601,1)
(77821,1)
(34861,1)
(22261,1)
(62881,1)
(77401,1)
(85081,1)
(97441,1)
(61261,1)
(47161,1)
(82621,1)
(85381,1)
(67561,1)
(32881,1)
(56761,1)
(12721,1)
(1801,1)
(54301,1)
(79141,1)
(87841,1)
(30541,1)
(71641,1)
(65641,1)
(42361,1)
(53401,1)
(10201,1)
(14581,1)
(8641,1)
(20401,1)
(34201,1)
(55441,1)
(33121,1)
(21661,1)
(87901,1)
(48421,1)
(18361,1)
(16441,1)
(58081,1)
(69001,1)
(93361,1)
(4081,1)
(181,1)
(88621,1)
(31981,1)
(88321,1)
(62101,1)
(66421,1)
(20581,1)
(29641,1)
(38701,1)
(84301,1)
(17521,1)
(28621,1)
(6481,1)
(29281,1)
(48841,1)
(22801,1)
(55021,1)
(46801,1)
(84841,1)
(36421,1)
(49261,1)
(2881,1)
(38341,1)
(77041,1)
(17161,1)
(80581,1)
(98041,1)
(16921,1)
(79561,1)
(49741,1)
(44221,1)
(46981,1)
(59821,1)
(11161,1)
(2041,1)
(4921,1)
(13321,1)
(44281,1)
(86461,1)
(66601,1)
(28381,1)
(30661,1)
(46921,1)
(30421,1)
(96301,1)
(93001,1)
(83641,1)
(74401,1)
(11401,1)
(88561,1)
(6601,1)
(60181,1)
(20761,1)
(55861,1)
(86581,1)
(70801,1)
(1081,1)
(23761,1)
(85981,1)
(86701,1)
(28441,1)
(60721,1)
(29161,1)
(33901,1)
(16981,1)
(90421,1)
(78001,1)
(20941,1)
(94081,1)
(69301,1)
(68641,1)
(35581,1)
(36241,1)
(81061,1)
(96241,1)
(40861,1)
(93121,1)
(44041,1)
(44101,1)
(4141,1)
(99661,1)
(70561,1)
(20821,1)
(5461,1)
(23641,1)
(30181,1)
(27961,1)
(52381,1)
(52561,1)
(56581,1)
(67981,1)
(34981,1)
(61201,1)
(42721,1)
(90841,1)
(40201,1)
(65941,1)
(30841,1)
(84541,1)
(79861,1)
(47041,1)
(14401,1)
(71761,1)
(45421,1)
(57841,1)
(19861,1)
(71401,1)
(41581,1)
(361,1)
(7381,1)
(39301,1)
(46261,1)
(26521,1)
(43981,1)
(3181,1)
(11521,1)
(31501,1)
(14281,1)
(23521,1)
(46381,1)
(79081,1)
(53641,1)
(4621,1)
(81841,1)
(81481,1)
(15781,1)
(4741,1)
(82201,1)
(17941,1)
(89041,1)
(4501,1)
(14041,1)
(88081,1)
(6661,1)
(10021,1)
(62821,1)
(39781,1)
(14341,1)
(12061,1)
(1441,1)
(33841,1)
(64201,1)
(26581,1)
(70681,1)
(90661,1)
(85201,1)
(10561,1)
(48301,1)
(89881,1)
(28201,1)
(38941,1)
(34621,1)
(10441,1)
(96061,1)
(87541,1)
(45541,1)
(73321,1)
(22201,1)
(73621,1)
(37561,1)
(21601,1)
(26101,1)
(61981,1)
(76861,1)
(17821,1)
(27121,1)
(47821,1)
(66781,1)
(9661,1)
(52681,1)
(52321,1)
(27901,1)
(13621,1)
(11221,1)
(15241,1)
(78061,1)
(67501,1)
(92581,1)
(88801,1)
(90481,1)
(49081,1)
(52201,1)
(23041,1)
(93901,1)
(45061,1)
(89641,1)
(9061,1)
(57601,1)
(90541,1)
(75421,1)
(12901,1)
(96841,1)
(93541,1)
(26881,1)
(53881,1)
(17761,1)
(46081,1)
(90121,1)
(84721,1)
(3241,1)
(75721,1)
(53941,1)
(4441,1)
(13081,1)
(75541,1)
(48961,1)
(65101,1)
(31681,1)
(54481,1)
(62161,1)
(29461,1)
(51421,1)
(19681,1)
(84241,1)
(89581,1)
(99481,1)
(84661,1)
(63361,1)
(81721,1)
(47641,1)
(8521,1)
(13381,1)
(92401,1)
(59401,1)
(98401,1)
(71221,1)
(86161,1)
(99601,1)
(68041,1)
(29941,1)
(92281,1)
(63421,1)
(75481,1)
(88741,1)
(49021,1)
(66481,1)
(10501,1)
(30001,1)
(3961,1)
(9901,1)
(99061,1)
(63481,1)
(73081,1)
(76681,1)
(72961,1)
(79681,1)
(37741,1)
(36661,1)
(48721,1)
(8101,1)
(73921,1)
(63061,1)
(73861,1)
(39601,1)
(8761,1)
(82981,1)
(18121,1)
(19441,1)
(82861,1)
(45481,1)
(6841,1)
(57121,1)
(86281,1)
(62521,1)
(94921,1)
(82741,1)
(2521,1)
(81001,1)
(7141,1)
(63901,1)
(15841,1)
(94141,1)
(60421,1)
(98521,1)
(93601,1)
(47761,1)
(67261,1)
(99421,1)
(5041,1)
(66061,1)
(85621,1)
(91381,1)
(75301,1)
(7861,1)
(31921,1)
(92521,1)
(39901,1)
(1021,1)
(84601,1)
(16261,1)
(15721,1)
(62761,1)
(29101,1)
(3361,1)
(33241,1)
(21961,1)
(47581,1)
(97621,1)
(56281,1)
(13921,1)
(93961,1)
(31261,1)
(51601,1)
(85261,1)
(19621,1)
(11101,1)
(66361,1)
(88141,1)
(16741,1)
(99901,1)
(52441,1)
(70861,1)
(45181,1)
(27841,1)
(68941,1)
(94741,1)
(88201,1)
(20281,1)
(24001,1)
(67801,1)
(29521,1)
(83161,1)
(37321,1)
(51241,1)
(8821,1)
(40081,1)
(30061,1)
(24361,1)
(69901,1)
(62041,1)
(95161,1)
(32941,1)
(82081,1)
(72121,1)
(67141,1)
(33781,1)
(89341,1)
(8881,1)
(15961,1)
(70921,1)
(54601,1)
(58201,1)
(47101,1)
(96361,1)
(87721,1)
(3661,1)
(18541,1)
(5641,1)
(64021,1)
(51061,1)
(63961,1)
(68341,1)
(22021,1)
(43681,1)
(30721,1)
(60361,1)
(66901,1)
(48001,1)
(30781,1)
(18781,1)
(84001,1)
(7921,1)
(19921,1)
(14881,1)
(42301,1)
(96781,1)
(60061,1)
(98341,1)
(65761,1)
(91021,1)
(38161,1)
(76801,1)
(64801,1)
(44521,1)
(61081,1)
(33061,1)
(29761,1)
(40321,1)
(27421,1)
(22561,1)
(86821,1)
(82801,1)
(71341,1)
(93661,1)
(56941,1)
(53581,1)
(63241,1)
(66301,1)
(55501,1)
(86221,1)
(54181,1)
(55741,1)
(91981,1)
(26821,1)
(66241,1)
(17281,1)
(61681,1)
(63301,1)
(85321,1)
(9601,1)
(21061,1)
(29821,1)
(26641,1)
(49801,1)
(64981,1)
(28501,1)
(39721,1)
(94981,1)
(2101,1)
(4201,1)
(74761,1)
(56101,1)
(44461,1)
(52801,1)
(44161,1)
(33601,1)
(36961,1)
(31381,1)
(13441,1)
(8701,1)
(94201,1)
(20041,1)
(74101,1)
(37381,1)
(14461,1)
(35221,1)
(16381,1)
(25681,1)
(59701,1)
(40501,1)
(44581,1)
(61441,1)
(9181,1)
(48241,1)
(83401,1)
(34741,1)
(45301,1)
(81121,1)
(7021,1)
(32641,1)
(42001,1)
(12001,1)
(8221,1)
(92101,1)
(15541,1)
(8581,1)
(44821,1)
(29401,1)
(91201,1)
(50161,1)
(69181,1)
(65821,1)
(81781,1)
(76081,1)
(27721,1)
(90601,1)
(74641,1)
(16681,1)
(72901,1)
(57541,1)
(93721,1)
(33361,1)
(56701,1)
(58381,1)
(58021,1)
(37141,1)
(72841,1)
(22381,1)
(28261,1)
(86401,1)
(94801,1)
(97021,1)
(88921,1)
(98821,1)
(60601,1)
(67741,1)
(1321,1)
(23101,1)
(27781,1)
(121,1)
(2461,1)
(60301,1)
(40261,1)
(57961,1)
(34261,1)
(421,1)
(53461,1)
(71161,1)
(40441,1)
(46861,1)
(12301,1)
(36901,1)
(33301,1)
(70621,1)
(27481,1)
(90961,1)
(97681,1)
(98641,1)
(51781,1)
(37081,1)
(24421,1)
(55981,1)
(43441,1)
(18001,1)
(20521,1)
(55141,1)
(40621,1)
(60661,1)
(78121,1)
(36361,1)
(82321,1)
(83941,1)
(51661,1)
(33481,1)
(91801,1)
(79981,1)
(22681,1)
(44641,1)
(83041,1)
(1561,1)
(61381,1)
(12961,1)
(64681,1)
(36601,1)
(70321,1)
(72241,1)
(33961,1)
(23581,1)
(40741,1)
(74521,1)
(76321,1)
(62941,1)
(34921,1)
(57901,1)
(18841,1)
(32161,1)
(50761,1)
(76021,1)
(7741,1)
(56161,1)
(84061,1)
(12601,1)
(53701,1)
(50401,1)
(8281,1)
(86041,1)
(21901,1)
(86521,1)
(41401,1)
(5701,1)
(41341,1)
(721,1)
(7681,1)
(57781,1)
(58801,1)
(61801,1)
(78361,1)
(75001,1)
(85021,1)
(90181,1)
(87361,1)
(99181,1)
(7981,1)
(93301,1)
(23941,1)
(18481,1)
(75181,1)
(841,1)
(72721,1)
(24661,1)
(21421,1)
(661,1)
(74341,1)
(19501,1)
(83761,1)
(88381,1)
(69121,1)
(85441,1)
(29041,1)
(28321,1)
(29581,1)
(56521,1)
(81301,1)
(58141,1)
(39481,1)
(59521,1)
(70381,1)
(21841,1)
(99301,1)
(77581,1)
(68881,1)
(95521,1)
(64501,1)
(55681,1)
(77461,1)
(46741,1)
(20461,1)
(90781,1)
(39361,1)
(27061,1)
(78181,1)
(6421,1)
(92761,1)
(32581,1)
(95101,1)
(50941,1)
(51361,1)
(75961,1)
(80161,1)
(27661,1)
(41281,1)
(24481,1)
(94021,1)
(72361,1)
(91921,1)
(56221,1)
(5761,1)
(96601,1)
(89941,1)
(49201,1)
(76921,1)
(32281,1)
(78241,1)
(92881,1)
(2761,1)
(93181,1)
(71281,1)
(69241,1)
(80401,1)
(91261,1)
(27301,1)
(61321,1)
(10141,1)
(45241,1)
(76501,1)
(72181,1)
(27541,1)
(61621,1)
(43321,1)
(79441,1)
(51961,1)
(46321,1)
(75781,1)
(80701,1)
(60901,1)
(40681,1)
(36781,1)
(10921,1)
(44881,1)
(31441,1)
(68701,1)
(5941,1)
(31321,1)
(42661,1)
(14161,1)
(81361,1)
(76141,1)
(42901,1)
(59101,1)
(79921,1)
(98221,1)
(90301,1)
(5281,1)
(26341,1)
(22921,1)
(21241,1)
(83821,1)
(91081,1)
(73441,1)
(61561,1)
(34321,1)
(84361,1)
(43741,1)
(28861,1)
(38041,1)
(75361,1)
(67081,1)
(54421,1)
(32761,1)
(16861,1)
(8341,1)
(80521,1)
(56401,1)
(81241,1)
(50221,1)
(53281,1)
(64321,1)
(95041,1)
(68521,1)
(43261,1)
(17101,1)
(64561,1)
(69061,1)
(95401,1)
(70081,1)
(46021,1)
(901,1)
(50101,1)
(55261,1)
(77101,1)
(78301,1)
(67021,1)
(25021,1)
(31141,1)
(50581,1)
(39061,1)
(70201,1)
(59281,1)
(61,1)
(17461,1)
(28921,1)
(43381,1)
(30361,1)
(47401,1)
(4681,1)
(10081,1)
(17041,1)
(23461,1)
(87481,1)
(30601,1)
(10381,1)
(33421,1)
(48781,1)
(56821,1)
(12181,1)
(98281,1)
(95581,1)
(42241,1)
(11941,1)
(68581,1)
(97981,1)
(23701,1)
(87421,1)
(46561,1)
(86761,1)
(98881,1)
(56881,1)
(71821,1)
(26401,1)
(26281,1)
(58441,1)
(1921,1)
(42181,1)
(64441,1)
(96481,1)
(88441,1)
(15901,1)
(82021,1)
(69601,1)
(22501,1)
(87121,1)
(20881,1)
(91321,1)
(92641,1)
(41461,1)
(76261,1)
(92161,1)
(58621,1)
(65221,1)
(84481,1)
(87301,1)
(781,1)
(80281,1)
(19741,1)
(36001,1)
(94861,1)
(82141,1)
(16801,1)
(97561,1)
(53041,1)
(10621,1)
(62341,1)
(89221,1)
(21721,1)
(45361,1)
(1261,1)
(11701,1)
(43141,1)
(20101,1)
(54541,1)
(22081,1)
(3721,1)
(45121,1)
(30241,1)
(32041,1)
(66721,1)
(84181,1)
(67681,1)
(92221,1)
(93781,1)
(50641,1)
(91861,1)
(75901,1)
(36841,1)
(60541,1)
(82921,1)
(48601,1)
(32341,1)
(79261,1)
(13861,1)
(3421,1)
(35761,1)
(63781,1)
(87781,1)
(52741,1)
(83701,1)
(65341,1)
(38401,1)
(32701,1)
(20341,1)
(35161,1)
(54841,1)
(43021,1)
(25141,1)
(68461,1)
(83521,1)
(37861,1)
(41941,1)
(65521,1)
(83221,1)
(86941,1)
(3001,1)
(95341,1)
(15061,1)
(41641,1)
(72481,1)
(95281,1)
(16501,1)
(25981,1)
(99841,1)
(70501,1)
(50461,1)
(88021,1)
(18901,1)
(67321,1)
(48361,1)
(62641,1)
(36061,1)
(62581,1)
(63121,1)
(75841,1)
(53521,1)
(48181,1)
(21541,1)
(35941,1)
(46501,1)
(96661,1)
(54781,1)
(14821,1)
(42421,1)
(55561,1)
(7441,1)
(84961,1)
(72301,1)
(49501,1)
(95941,1)
(43921,1)
(51481,1)
(25501,1)
(41881,1)
(82441,1)
(37261,1)
(73561,1)
(241,1)
(11581,1)
(79801,1)
(92041,1)
(481,1)
(12361,1)
(25561,1)
(88501,1)
(32101,1)
(18301,1)
(98701,1)
(76561,1)
(95701,1)
(43201,1)
(18061,1)
(27361,1)
(77881,1)
(89161,1)
(19141,1)
(63181,1)
(51901,1)
(3301,1)
(71701,1)
(2221,1)
(57061,1)
(66541,1)
(72601,1)
(58261,1)
(34801,1)
(10741,1)
(6001,1)
(91741,1)
(38881,1)
(9721,1)
(12781,1)
(14221,1)
(2401,1)
(57361,1)
(60961,1)
(57301,1)
(72061,1)
(89461,1)
(4561,1)
(80641,1)
(26221,1)
(59641,1)
(18961,1)
(58861,1)
(76201,1)
(63721,1)
(85561,1)
(83581,1)
(87241,1)
(36181,1)
(85861,1)
(30961,1)
(47461,1)
(22861,1)
(13501,1)
(47341,1)
(90061,1)
(52501,1)
(90901,1)
(55201,1)
(73501,1)
(84421,1)
(83101,1)
(65701,1)
(27601,1)
(5221,1)
(71881,1)
(25741,1)
(301,1)
(7561,1)
(47941,1)
(34681,1)
(37681,1)
(14941,1)
(28681,1)
(48901,1)
(22321,1)
(57181,1)
(3601,1)
(61741,1)
(41161,1)
(23881,1)
(35881,1)
(69961,1)
(70981,1)
(39541,1)
(38761,1)
(65041,1)
(25081,1)
(64741,1)
(7621,1)
(78781,1)
(95761,1)
(24181,1)
(77221,1)
(35341,1)
(39241,1)
(37441,1)
(37201,1)
(9421,1)
(3781,1)
(98161,1)
(1741,1)
(71041,1)
(5521,1)
(91621,1)
(78541,1)
(5101,1)
(19981,1)
(67921,1)
(58921,1)
(98581,1)
(8941,1)
(4981,1)
(25861,1)
(12841,1)
(11761,1)
(84121,1)
(6361,1)
(6961,1)
(77161,1)
(75061,1)
(54901,1)
(89401,1)
(66661,1)
(80101,1)
(17401,1)
(86881,1)
(11881,1)
(54241,1)
(38461,1)
(7261,1)
(97381,1)
(87181,1)
(79381,1)
(56461,1)
(55801,1)
(60481,1)
(62221,1)
(18601,1)
(51001,1)
(77521,1)
(15121,1)
(28081,1)
(21481,1)
(99721,1)
(37621,1)
(12121,1)
(69541,1)
(99781,1)
(4321,1)
(9841,1)
(16621,1)
(65161,1)
(43561,1)
(33181,1)
(93481,1)
(12481,1)
(81601,1)
(80461,1)
(96121,1)
(2341,1)
(74221,1)
(4861,1)
(41101,1)
(99241,1)
(91141,1)
(85501,1)
(54721,1)
(32221,1)
(24061,1)
(48481,1)
(12541,1)
(52921,1)
(39001,1)
(94441,1)
(61921,1)
(25441,1)
(82261,1)
(65281,1)
(26701,1)
(43801,1)
(78601,1)
(78841,1)
(76381,1)
(66001,1)
(56641,1)
(56041,1)
(34381,1)
(7201,1)
(31561,1)
(60001,1)
(92701,1)
(69781,1)
(1621,1)
(23401,1)
(89281,1)
(13261,1)
(90361,1)
(16021,1)
(28741,1)
(68821,1)
(48661,1)
(49441,1)
(93241,1)
(59041,1)
(89101,1)
(95641,1)
(24241,1)
(42061,1)
(74281,1)
(6721,1)
(77641,1)
(24301,1)
(69721,1)
(16141,1)
(19381,1)
(20221,1)
(71521,1)
(59341,1)
(71101,1)
(46201,1)
(96901,1)
(96001,1)
(10861,1)
(51841,1)
(44701,1)
(76981,1)
(46441,1)
(68761,1)
(6901,1)
(59941,1)
(42541,1)
(10261,1)
(15001,1)
(37981,1)
(21301,1)
(49981,1)
(4261,1)
(5821,1)
(32401,1)
(81961,1)
(9001,1)
(30901,1)
(31861,1)
(25921,1)
(64381,1)
(59161,1)
(97501,1)
(31801,1)
(74881,1)
(94561,1)
(8461,1)
(14761,1)
(4021,1)
(30481,1)
(49621,1)
(71941,1)
(78901,1)
(75661,1)
(51121,1)
(88261,1)
(27241,1)
(29701,1)
(94381,1)
(90721,1)
(40381,1)
(73141,1)
(83881,1)
(95881,1)
(87661,1)
(52861,1)
(31741,1)
(73741,1)
(2821,1)
(39181,1)
(28981,1)
(75601,1)
(93061,1)
(57241,1)
(10321,1)
(25801,1)
(26041,1)
(97861,1)
(37801,1)
(85681,1)
(48541,1)
(55621,1)
(92461,1)
(42841,1)
(57661,1)
(60781,1)
(11041,1)
(72661,1)
(24541,1)
(59881,1)
(60841,1)
(74461,1)
(67441,1)
(19081,1)
(84060,1)
(97260,1)
(57720,1)
(52680,1)
(12120,1)
(50580,1)
(57840,1)
(20160,1)
(23580,1)
(7020,1)
(69720,1)
(74040,1)
(43140,1)
(24360,1)
(71340,1)
(83100,1)
(15120,1)
(57360,1)
(79680,1)
(19800,1)
(12540,1)
(4260,1)
(21780,1)
(65340,1)
(92100,1)
(69060,1)
(48840,1)
(69780,1)
(27180,1)
(47940,1)
(50940,1)
(61320,1)
(64320,1)
(90240,1)
(72060,1)
(49800,1)
(6840,1)
(1500,1)
(67200,1)
(81360,1)
(22440,1)
(12420,1)
(68520,1)
(93900,1)
(8520,1)
(73740,1)
(79560,1)
(62460,1)
(91500,1)
(96240,1)
(98160,1)
(45420,1)
(79140,1)
(11640,1)
(66840,1)
(79440,1)
(59820,1)
(96600,1)
(62820,1)
(32460,1)
(21840,1)
(75840,1)
(13080,1)
(76440,1)
(77940,1)
(57300,1)
(76200,1)
(73020,1)
(74520,1)
(64800,1)
(46800,1)
(28320,1)
(60780,1)
(1320,1)
(18000,1)
(44280,1)
(72360,1)
(15360,1)
(17820,1)
(33600,1)
(36840,1)
(76860,1)
(2040,1)
(41940,1)
(86580,1)
(7560,1)
(19200,1)
(85800,1)
(93960,1)
(95160,1)
(21240,1)
(51780,1)
(19920,1)
(1800,1)
(38160,1)
(97140,1)
(65400,1)
(69900,1)
(27120,1)
(26400,1)
(84720,1)
(22200,1)
(72540,1)
(98040,1)
(42720,1)
(47820,1)
(19680,1)
(10560,1)
(25380,1)
(3000,1)
(43800,1)
(51180,1)
(46740,1)
(70860,1)
(6060,1)
(63000,1)
(81780,1)
(49200,1)
(77640,1)
(37500,1)
(3180,1)
(72720,1)
(68880,1)
(36060,1)
(74220,1)
(29640,1)
(67380,1)
(27960,1)
(27480,1)
(58680,1)
(82260,1)
(6180,1)
(49500,1)
(84360,1)
(85860,1)
(8760,1)
(36600,1)
(11820,1)
(89820,1)
(27360,1)
(53880,1)
(30180,1)
(120,1)
(50520,1)
(46380,1)
(23340,1)
(80940,1)
(11160,1)
(54420,1)
(7380,1)
(66960,1)
(33420,1)
(25560,1)
(89520,1)
(39240,1)
(92340,1)
(14640,1)
(78780,1)
(86400,1)
(76560,1)
(68280,1)
(28140,1)
(360,1)
(28560,1)
(24000,1)
(62520,1)
(74760,1)
(93180,1)
(6960,1)
(92520,1)
(75300,1)
(41100,1)
(720,1)
(51900,1)
(73080,1)
(98340,1)
(36900,1)
(92580,1)
(40620,1)
(94140,1)
(88500,1)
(22380,1)
(38940,1)
(62220,1)
(67680,1)
(75000,1)
(32520,1)
(74700,1)
(27780,1)
(71580,1)
(26580,1)
(4020,1)
(42900,1)
(23160,1)
(89880,1)
(44100,1)
(57600,1)
(6480,1)
(27540,1)
(70260,1)
(37620,1)
(98640,1)
(95580,1)
(73800,1)
(96300,1)
(75720,1)
(93780,1)
(42060,1)
(63840,1)
(59880,1)
(44880,1)
(93660,1)
(74100,1)
(56820,1)
(71880,1)
(97800,1)
(5940,1)
(90960,1)
(78240,1)
(25080,1)
(37380,1)
(13260,1)
(17160,1)
(54240,1)
(17400,1)
(21300,1)
(33900,1)
(15960,1)
(26700,1)
(51540,1)
(79620,1)
(98220,1)
(80400,1)
(37440,1)
(55140,1)
(99660,1)
(74820,1)
(62700,1)
(79860,1)
(94800,1)
(2220,1)
(80820,1)
(50640,1)
(58980,1)
(69480,1)
(41340,1)
(16080,1)
(26280,1)
(68580,1)
(68700,1)
(300,1)
(21600,1)
(94620,1)
(54480,1)
(78000,1)
(51480,1)
(3360,1)
(13020,1)
(51660,1)
(68100,1)
(22920,1)
(97920,1)
(38100,1)
(70020,1)
(78120,1)
(92880,1)
(61800,1)
(5100,1)
(10860,1)
(68820,1)
(47400,1)
(20700,1)
(38520,1)
(72900,1)
(15540,1)
(15600,1)
(83820,1)
(72300,1)
(40500,1)
(41820,1)
(85620,1)
(63180,1)
(46200,1)
(37980,1)
(84000,1)
(97320,1)
(88560,1)
(2820,1)
(84480,1)
(6720,1)
(82560,1)
(47100,1)
(28860,1)
(32700,1)
(48540,1)
(13680,1)
(15420,1)
(27900,1)
(47520,1)
(46500,1)
(44520,1)
(34680,1)
(55380,1)
(4740,1)
(51360,1)
(56220,1)
(73560,1)
(47700,1)
(69840,1)
(9780,1)
(81900,1)
(29880,1)
(93480,1)
(80880,1)
(90780,1)
(93120,1)
(47580,1)
(31140,1)
(8580,1)
(66600,1)
(91080,1)
(70080,1)
(29220,1)
(76800,1)
(96900,1)
(58320,1)
(11040,1)
(70140,1)
(96420,1)
(13440,1)
(85140,1)
(39360,1)
(14760,1)
(71760,1)
(9120,1)
(59760,1)
(72120,1)
(26220,1)
(88620,1)
(90300,1)
(51300,1)
(84840,1)
(36300,1)
(92220,1)
(55020,1)
(16680,1)
(92040,1)
(13740,1)
(86160,1)
(27660,1)
(28440,1)
(73680,1)
(58740,1)
(67800,1)
(14880,1)
(60,1)
(59100,1)
(95400,1)
(95220,1)
(61140,1)
(40200,1)
(58440,1)
(13560,1)
(99600,1)
(77040,1)
(8040,1)
(73500,1)
(45240,1)
(72600,1)
(40560,1)
(18300,1)
(36360,1)
(66120,1)
(82200,1)
(85740,1)
(10680,1)
(12480,1)
(35280,1)
(46020,1)
(65640,1)
(78060,1)
(88740,1)
(34200,1)
(96480,1)
(96120,1)
(38040,1)
(60180,1)
(74640,1)
(40980,1)
(82920,1)
(8400,1)
(96180,1)
(10200,1)
(51840,1)
(49380,1)
(14400,1)
(24900,1)
(74340,1)
(64620,1)
(99780,1)
(6660,1)
(8340,1)
(50220,1)
(8460,1)
(95880,1)
(26640,1)
(49440,1)
(88800,1)
(55800,1)
(43860,1)
(69180,1)
(69600,1)
(960,1)
(59400,1)
(61080,1)
(14040,1)
(38820,1)
(58920,1)
(37680,1)
(82680,1)
(1080,1)
(27720,1)
(75600,1)
(18240,1)
(24300,1)
(53220,1)
(16140,1)
(22860,1)
(37200,1)
(35160,1)
(50340,1)
(44760,1)
(69000,1)
(49980,1)
(11940,1)
(55200,1)
(76140,1)
(37020,1)
(48600,1)
(81600,1)
(87000,1)
(95520,1)
(57120,1)
(23100,1)
(69540,1)
(47760,1)
(420,1)
(20580,1)
(68340,1)
(21660,1)
(44340,1)
(92160,1)
(95460,1)
(52620,1)
(48300,1)
(28620,1)
(96660,1)
(31560,1)
(39960,1)
(65040,1)
(59040,1)
(51600,1)
(87780,1)
(27300,1)
(27000,1)
(57180,1)
(23880,1)
(77280,1)
(80160,1)
(67980,1)
(78720,1)
(11580,1)
(46680,1)
(2280,1)
(87180,1)
(80760,1)
(87900,1)
(61440,1)
(52140,1)
(62400,1)
(52260,1)
(47040,1)
(39780,1)
(49320,1)
(92820,1)
(51120,1)
(77100,1)
(67320,1)
(87720,1)
(65880,1)
(55500,1)
(57480,1)
(91800,1)
(12720,1)
(81960,1)
(36420,1)
(64260,1)
(10140,1)
(16200,1)
(32220,1)
(31800,1)
(99180,1)
(12900,1)
(24600,1)
(99420,1)
(35820,1)
(17580,1)
(72840,1)
(50460,1)
(8100,1)
(41280,1)
(600,1)
(76980,1)
(95340,1)
(78900,1)
(93600,1)
(80220,1)
(87120,1)
(61500,1)
(70680,1)
(85560,1)
(91620,1)
(4860,1)
(29580,1)
(20640,1)
(34440,1)
(2760,1)
(3900,1)
(76380,1)
(11340,1)
(72480,1)
(1920,1)
(68160,1)
(84600,1)
(18600,1)
(52980,1)
(41460,1)
(71820,1)
(53460,1)
(52500,1)
(20820,1)
(50400,1)
(71400,1)
(41640,1)
(19620,1)
(28740,1)
(81180,1)
(46320,1)
(13500,1)
(64860,1)
(14520,1)
(4320,1)
(9960,1)
(95040,1)
(60900,1)
(14580,1)
(61680,1)
(57060,1)
(91380,1)
(12840,1)
(34740,1)
(82800,1)
(15060,1)
(2640,1)
(81120,1)
(53580,1)
(34620,1)
(17700,1)
(47880,1)
(9360,1)
(84180,1)
(56400,1)
(14280,1)
(7260,1)
(40020,1)
(45120,1)
(42960,1)
(56940,1)
(55260,1)
(11400,1)
(19380,1)
(32580,1)
(7320,1)
(55080,1)
(44460,1)
(98520,1)
(240,1)
(23400,1)
(93720,1)
(71700,1)
(91740,1)
(13800,1)
(65700,1)
(70200,1)
(69960,1)
(64500,1)
(67920,1)
(91020,1)
(70620,1)
(34560,1)
(2340,1)
(87300,1)
(38460,1)
(76320,1)
(30300,1)
(64200,1)
(51420,1)
(94380,1)
(33840,1)
(27600,1)
(42840,1)
(34320,1)
(94200,1)
(73920,1)
(63060,1)
(26520,1)
(26100,1)
(89580,1)
(96000,1)
(88260,1)
(53040,1)
(38640,1)
(85440,1)
(17460,1)
(43920,1)
(20760,1)
(30960,1)
(1860,1)
(38280,1)
(94440,1)
(13320,1)
(15240,1)
(11880,1)
(45480,1)
(1980,1)
(69360,1)
(71040,1)
(78840,1)
(39120,1)
(52920,1)
(50280,1)
(61980,1)
(41220,1)
(14100,1)
(19320,1)
(16740,1)
(60960,1)
(17340,1)
(6540,1)
(40680,1)
(22500,1)
(46440,1)
(65580,1)
(9540,1)
(2580,1)
(99300,1)
(64980,1)
(60240,1)
(4500,1)
(37260,1)
(38400,1)
(40860,1)
(35880,1)
(23040,1)
(5580,1)
(33300,1)
(42540,1)
(4380,1)
(39000,1)
(44640,1)
(72780,1)
(86040,1)
(49080,1)
(71160,1)
(73200,1)
(28080,1)
(22260,1)
(9480,1)
(14460,1)
(68220,1)
(78180,1)
(60300,1)
(65100,1)
(89940,1)
(45000,1)
(49140,1)
(2460,1)
(54600,1)
(90660,1)
(89100,1)
(62880,1)
(61740,1)
(94740,1)
(3300,1)
(15900,1)
(26760,1)
(99900,1)
(30780,1)
(56100,1)
(78960,1)
(4560,1)
(67560,1)
(37860,1)
(74160,1)
(40260,1)
(33960,1)
(9000,1)
(62160,1)
(65160,1)
(33660,1)
(18660,1)
(48420,1)
(11520,1)
(72180,1)
(24660,1)
(92280,1)
(37800,1)
(27060,1)
(59460,1)
(66540,1)
(77400,1)
(19140,1)
(75960,1)
(39600,1)
(21540,1)
(24240,1)
(48000,1)
(50700,1)
(95820,1)
(56040,1)
(97380,1)
(22020,1)
(94260,1)
(60840,1)
(1140,1)
(95940,1)
(1380,1)
(78540,1)
(31080,1)
(77340,1)
(32160,1)
(81060,1)
(54000,1)
(79260,1)
(33120,1)
(2520,1)
(5280,1)
(64680,1)
(42180,1)
(46860,1)
(62280,1)
(29400,1)
(31740,1)
(47220,1)
(36120,1)
(28800,1)
(42120,1)
(90000,1)
(22800,1)
(16440,1)
(35100,1)
(9420,1)
(50040,1)
(60000,1)
(6000,1)
(66900,1)
(60420,1)
(31920,1)
(98400,1)
(88380,1)
(88020,1)
(8700,1)
(16980,1)
(49560,1)
(91560,1)
(92760,1)
(54360,1)
(68760,1)
(80040,1)
(56520,1)
(60480,1)
(33360,1)
(42000,1)
(89220,1)
(84240,1)
(75120,1)
(97740,1)
(12240,1)
(52200,1)
(79020,1)
(63720,1)
(48660,1)
(32760,1)
(30360,1)
(60360,1)
(30720,1)
(24780,1)
(42240,1)
(96360,1)
(82140,1)
(25440,1)
(66180,1)
(9060,1)
(27240,1)
(50760,1)
(42660,1)
(58200,1)
(53700,1)
(32640,1)
(54180,1)
(63780,1)
(10920,1)
(55980,1)
(31680,1)
(5460,1)
(86820,1)
(97560,1)
(69420,1)
(77760,1)
(89280,1)
(94980,1)
(92700,1)
(47460,1)
(12180,1)
(3240,1)
(58140,1)
(99060,1)
(29940,1)
(33240,1)
(14220,1)
(48180,1)
(98880,1)
(24180,1)
(26880,1)
(70320,1)
(81540,1)
(70740,1)
(92640,1)
(82980,1)
(82740,1)
(76620,1)
(31620,1)
(33780,1)
(60720,1)
(18720,1)
(20880,1)
(12300,1)
(59160,1)
(93000,1)
(13980,1)
(64140,1)
(59940,1)
(85200,1)
(59580,1)
(37920,1)
(43440,1)
(54780,1)
(16320,1)
(67500,1)
(73620,1)
(76020,1)
(48120,1)
(25620,1)
(37740,1)
(73980,1)
(18180,1)
(41160,1)
(68400,1)
(13920,1)
(19740,1)
(62760,1)
(54660,1)
(83520,1)
(65460,1)
(1020,1)
(97080,1)
(84420,1)
(4920,1)
(84120,1)
(72000,1)
(62640,1)
(81660,1)
(23220,1)
(98280,1)
(85980,1)
(5160,1)
(40380,1)
(10080,1)
(26940,1)
(25920,1)
(81840,1)
(86460,1)
(32940,1)
(91200,1)
(3600,1)
(22680,1)
(14160,1)
(61380,1)
(85080,1)
(48360,1)
(54720,1)
(76680,1)
(35460,1)
(73380,1)
(40080,1)
(92460,1)
(94920,1)
(32820,1)
(45660,1)
(68940,1)
(4440,1)
(8220,1)
(41880,1)
(21900,1)
(30600,1)
(43620,1)
(30000,1)
(66000,1)
(50100,1)
(55740,1)
(19980,1)
(64080,1)
(23700,1)
(18900,1)
(6240,1)
(3060,1)
(1680,1)
(30120,1)
(88140,1)
(24420,1)
(91920,1)
(7860,1)
(52080,1)
(97020,1)
(80640,1)
(58380,1)
(29520,1)
(45720,1)
(74460,1)
(28020,1)
(95700,1)
(75360,1)
(87060,1)
(44220,1)
(28680,1)
(57960,1)
(33540,1)
(1200,1)
(83280,1)
(90900,1)
(56340,1)
(87540,1)
(39540,1)
(34080,1)
(71280,1)
(11460,1)
(2700,1)
(13200,1)
(55680,1)
(63480,1)
(35940,1)
(43680,1)
(59520,1)
(74940,1)
(34920,1)
(79740,1)
(49260,1)
(8820,1)
(46980,1)
(85380,1)
(9660,1)
(97500,1)
(11760,1)
(39060,1)
(81240,1)
(14700,1)
(16380,1)
(99720,1)
(65940,1)
(41520,1)
(72240,1)
(78420,1)
(18540,1)
(68040,1)
(63120,1)
(70920,1)
(64440,1)
(95100,1)
(99240,1)
(54060,1)
(52860,1)
(38700,1)
(8160,1)
(86220,1)
(35580,1)
(80340,1)
(69240,1)
(66360,1)
(93300,1)
(44700,1)
(16860,1)
(28260,1)
(76500,1)
(67080,1)
(2880,1)
(82320,1)
(30420,1)
(43200,1)
(1620,1)
(61200,1)
(97440,1)
(92400,1)
(42480,1)
(99120,1)
(28500,1)
(15780,1)
(61620,1)
(54120,1)
(89400,1)
(56580,1)
(10440,1)
(62100,1)
(70500,1)
(77520,1)
(76920,1)
(480,1)
(1740,1)
(48900,1)
(62940,1)
(42600,1)
(8940,1)
(66240,1)
(85680,1)
(60660,1)
(8280,1)
(2160,1)
(53820,1)
(19020,1)
(75660,1)
(67620,1)
(65820,1)
(97980,1)
(6780,1)
(35700,1)
(80580,1)
(15720,1)
(45060,1)
(7200,1)
(94500,1)
(48780,1)
(60600,1)
(75480,1)
(51720,1)
(63900,1)
(85920,1)
(24540,1)
(39900,1)
(30540,1)
(89460,1)
(79980,1)
(63540,1)
(79200,1)
(96840,1)
(32100,1)
(3540,1)
(25500,1)
(80100,1)
(57900,1)
(17520,1)
(32040,1)
(99840,1)
(27420,1)
(39720,1)
(19260,1)
(64560,1)
(34500,1)
(83040,1)
(2100,1)
(44940,1)
(84660,1)
(82020,1)
(58020,1)
(94680,1)
(32400,1)
(46920,1)
(79320,1)
(48240,1)
(84540,1)
(36000,1)
(43380,1)
(43020,1)
(15180,1)
(16500,1)
(78480,1)
(18840,1)
(97680,1)
(98820,1)
(49860,1)
(88320,1)
(23940,1)
(66420,1)
(82620,1)
(25680,1)
(88200,1)
(17280,1)
(32340,1)
(72960,1)
(84780,1)
(28380,1)
(58800,1)
(82500,1)
(58500,1)
(25980,1)
(79500,1)
(3960,1)
(71520,1)
(31380,1)
(51000,1)
(36720,1)
(96060,1)
(38580,1)
(5760,1)
(47160,1)
(31860,1)
(52320,1)
(83160,1)
(95280,1)
(79380,1)
(22980,1)
(81420,1)
(47640,1)
(49020,1)
(40320,1)
(8880,1)
(48060,1)
(56760,1)
(83700,1)
(32880,1)
(45900,1)
(42780,1)
(88980,1)
(86880,1)
(4140,1)
(20460,1)
(36960,1)
(18780,1)
(62580,1)
(30240,1)
(79080,1)
(93360,1)
(75900,1)
(66720,1)
(58260,1)
(83220,1)
(15660,1)
(18420,1)
(26160,1)
(85500,1)
(7740,1)
(7620,1)
(24720,1)
(23460,1)
(19500,1)
(77700,1)
(31440,1)
(93540,1)
(1440,1)
(11220,1)
(54900,1)
(88680,1)
(98100,1)
(18060,1)
(95760,1)
(17760,1)
(96720,1)
(63600,1)
(39300,1)
(86520,1)
(780,1)
(58080,1)
(3720,1)
(50880,1)
(3840,1)
(71640,1)
(83760,1)
(63960,1)
(60540,1)
(22320,1)
(55920,1)
(13380,1)
(63420,1)
(59700,1)
(66780,1)
(90180,1)
(3120,1)
(89340,1)
(90540,1)
(4980,1)
(94860,1)
(78360,1)
(53340,1)
(88860,1)
(91260,1)
(12660,1)
(58620,1)
(77820,1)
(36660,1)
(97860,1)
(49920,1)
(33000,1)
(34020,1)
(24480,1)
(55620,1)
(93420,1)
(51060,1)
(83940,1)
(34380,1)
(49740,1)
(540,1)
(86280,1)
(73140,1)
(53160,1)
(54300,1)
(10260,1)
(86100,1)
(59220,1)
(46560,1)
(50820,1)
(4800,1)
(88440,1)
(89160,1)
(33480,1)
(79800,1)
(44580,1)
(63300,1)
(10380,1)
(27840,1)
(80700,1)
(19860,1)
(53280,1)
(51960,1)
(36480,1)
(6300,1)
(29760,1)
(64920,1)
(83340,1)
(31260,1)
(82080,1)
(12360,1)
(38760,1)
(1260,1)
(14340,1)
(74880,1)
(4680,1)
(180,1)
(57540,1)
(6360,1)
(36780,1)
(81480,1)
(90720,1)
(57000,1)
(19080,1)
(42420,1)
(68640,1)
(36240,1)
(83400,1)
(22560,1)
(11100,1)
(84960,1)
(10320,1)
(30480,1)
(64020,1)
(75240,1)
(13860,1)
(93840,1)
(45840,1)
(3480,1)
(39480,1)
(60060,1)
(70440,1)
(82860,1)
(90420,1)
(21060,1)
(39660,1)
(26820,1)
(43320,1)
(91860,1)
(24060,1)
(77580,1)
(71100,1)
(75420,1)
(3420,1)
(63240,1)
(25740,1)
(29460,1)
(61860,1)
(87360,1)
(52560,1)
(57420,1)
(37080,1)
(5640,1)
(57660,1)
(57780,1)
(71940,1)
(15840,1)
(15000,1)
(62340,1)
(53520,1)
(61020,1)
(35220,1)
(98940,1)
(81300,1)
(59640,1)
(99960,1)
(45180,1)
(91140,1)
(43980,1)
(80280,1)
(35400,1)
(82380,1)
(80520,1)
(43560,1)
(52740,1)
(74280,1)
(9720,1)
(45540,1)
(45600,1)
(16260,1)
(81720,1)
(12000,1)
(76740,1)
(83580,1)
(86940,1)
(23520,1)
(83880,1)
(21180,1)
(28920,1)
(35040,1)
(87480,1)
(73440,1)
(17640,1)
(23280,1)
(44160,1)
(89760,1)
(49680,1)
(39420,1)
(55860,1)
(67740,1)
(56160,1)
(3780,1)
(6900,1)
(16800,1)
(2940,1)
(26340,1)
(44400,1)
(7980,1)
(7080,1)
(17100,1)
(89700,1)
(56460,1)
(64380,1)
(43740,1)
(5220,1)
(26040,1)
(25860,1)
(67140,1)
(61920,1)
(96960,1)
(85020,1)
(51240,1)
(4080,1)
(44040,1)
(24840,1)
(40920,1)
(71460,1)
(25800,1)
(20280,1)
(90840,1)
(69660,1)
(89640,1)
(8640,1)
(37560,1)
(47280,1)
(66060,1)
(69120,1)
(25020,1)
(33180,1)
(65280,1)
(9600,1)
(89040,1)
(5400,1)
(45300,1)
(78660,1)
(9240,1)
(72660,1)
(5700,1)
(65220,1)
(55560,1)
(39840,1)
(6600,1)
(92940,1)
(79920,1)
(7680,1)
(91680,1)
(93060,1)
(25140,1)
(9300,1)
(99480,1)
(20400,1)
(53640,1)
(56280,1)
(63660,1)
(87420,1)
(10800,1)
(40140,1)
(25260,1)
(21360,1)
(29280,1)
(45360,1)
(6120,1)
(21960,1)
(840,1)
(22620,1)
(34980,1)
(87660,1)
(40740,1)
(62040,1)
(73260,1)
(18360,1)
(10020,1)
(12600,1)
(55440,1)
(78300,1)
(74400,1)
(56640,1)
(61260,1)
(83640,1)
(77880,1)
(66660,1)
(23640,1)
(19560,1)
(45960,1)
(54540,1)
(56700,1)
(97200,1)
(28200,1)
(660,1)
(12780,1)
(13140,1)
(15300,1)
(53760,1)
(98580,1)
(76260,1)
(84900,1)
(31200,1)
(43080,1)
(38880,1)
(25200,1)
(73860,1)
(95640,1)
(7500,1)
(900,1)
(11700,1)
(86340,1)
(41760,1)
(43500,1)
(91440,1)
(98700,1)
(52380,1)
(1560,1)
(13620,1)
(23820,1)
(94020,1)
(67020,1)
(91320,1)
(20940,1)
(19440,1)
(50160,1)
(10620,1)
(99540,1)
(14820,1)
(58560,1)
(94080,1)
(97620,1)
(10740,1)
(35340,1)
(30840,1)
(38340,1)
(93240,1)
(16020,1)
(41040,1)
(52800,1)
(81000,1)
(88080,1)
(31320,1)
(20220,1)
(18960,1)
(80460,1)
(48480,1)
(24120,1)
(17040,1)
(41400,1)
(41580,1)
(59280,1)
(99360,1)
(30060,1)
(20040,1)
(96540,1)
(38220,1)
(77160,1)
(45780,1)
(34140,1)
(5520,1)
(14940,1)
(29160,1)
(77460,1)
(22080,1)
(12060,1)
(40440,1)
(5880,1)
(7140,1)
(29040,1)
(72420,1)
(6420,1)
(66300,1)
(74580,1)
(36180,1)
(68460,1)
(82440,1)
(88920,1)
(16920,1)
(21720,1)
(65760,1)
(75060,1)
(21420,1)
(30660,1)
(46620,1)
(65520,1)
(85260,1)
(39180,1)
(75540,1)
(84300,1)
(24960,1)
(90480,1)
(52440,1)
(21000,1)
(85320,1)
(61560,1)
(70800,1)
(87240,1)
(5040,1)
(44820,1)
(70380,1)
(29100,1)
(20100,1)
(49620,1)
(29820,1)
(34800,1)
(42300,1)
(99000,1)
(4200,1)
(53940,1)
(35520,1)
(48960,1)
(90120,1)
(94560,1)
(9840,1)
(32280,1)
(91980,1)
(87600,1)
(11280,1)
(47340,1)
(9180,1)
(86640,1)
(40800,1)
(33060,1)
(10500,1)
(70980,1)
(75180,1)
(77220,1)
(90360,1)
(33720,1)
(30900,1)
(9900,1)
(37320,1)
(4620,1)
(41700,1)
(90600,1)
(98760,1)
(52020,1)
(58860,1)
(31020,1)
(29340,1)
(83460,1)
(18120,1)
(21480,1)
(67860,1)
(87960,1)
(56880,1)
(31980,1)
(78600,1)
(28980,1)
(21120,1)
(75780,1)
(22740,1)
(57240,1)
(60120,1)
(29700,1)
(43260,1)
(98460,1)
(53400,1)
(59340,1)
(2400,1)
(67260,1)
(86760,1)
(31500,1)
(55320,1)
(23760,1)
(34260,1)
(66480,1)
(20340,1)
(70560,1)
(71220,1)
(76080,1)
(96780,1)
(86700,1)
(26460,1)
(64740,1)
(54960,1)
(3660,1)
(42360,1)
(54840,1)
(22140,1)
(20520,1)
(34860,1)
(7920,1)
(7440,1)
(53100,1)
(46140,1)
(48720,1)
(7800,1)
(67440,1)
(17220,1)
(36540,1)
(46080,1)
(69300,1)
(5820,1)
(10980,1)
(35640,1)
(12960,1)
(17940,1)
(18480,1)
(25320,1)
(90060,1)
(16620,1)
(16560,1)
(17880,1)
(37140,1)
(5340,1)
(63360,1)
(94320,1)
(35760,1)
(15480,1)
(73320,1)
(87840,1)
(46260,1)
(66801,1)
(26901,1)
(18861,1)
(50541,1)
(7041,1)
(87561,1)
(92241,1)
(17241,1)
(83421,1)
(86241,1)
(13701,1)
(63621,1)
(74541,1)
(4401,1)
(43041,1)
(44061,1)
(28761,1)
(60741,1)
(58761,1)
(78921,1)
(85821,1)
(8121,1)
(66621,1)
(24501,1)
(68181,1)
(45141,1)
(80841,1)
(69141,1)
(48921,1)
(96561,1)
(27141,1)
(46161,1)
(61221,1)
(46581,1)
(47541,1)
(77481,1)
(48561,1)
(57501,1)
(801,1)
(72621,1)
(2541,1)
(70761,1)
(55881,1)
(25161,1)
(25041,1)
(20721,1)
(70641,1)
(30201,1)
(6261,1)
(13821,1)
(63681,1)
(19281,1)
(53901,1)
(35961,1)
(23181,1)
(73941,1)
(35541,1)
(84981,1)
(5181,1)
(13341,1)
(29841,1)
(2721,1)
(69501,1)
(98241,1)
(90261,1)
(7581,1)
(9081,1)
(18681,1)
(27021,1)
(741,1)
(65721,1)
(72741,1)
(5601,1)
(69321,1)
(67341,1)
(63801,1)
(82281,1)
(22161,1)
(65961,1)
(16761,1)
(55641,1)
(35181,1)
(42921,1)
(79221,1)
(83301,1)
(29781,1)
(89901,1)
(55461,1)
(9921,1)
(1641,1)
(45921,1)
(11361,1)
(59541,1)
(52521,1)
(75141,1)
(90861,1)
(51621,1)
(66321,1)
(59481,1)
(5721,1)
(55761,1)
(2961,1)
(14001,1)
(42321,1)
(39141,1)
(41001,1)
(49281,1)
(56961,1)
(81081,1)
(20601,1)
(73821,1)
(83541,1)
(61641,1)
(64101,1)
(92361,1)
(96441,1)
(19581,1)
(82161,1)
(93081,1)
(98421,1)
(16821,1)
(23661,1)
(37761,1)
(40881,1)
(68241,1)
(71061,1)
(72381,1)
(41241,1)
(96081,1)
(26001,1)
(28821,1)
(48861,1)
(29901,1)
(8901,1)
(54801,1)
(67701,1)
(68001,1)
(79341,1)
(2361,1)
(82461,1)
(26481,1)
(11961,1)
(14241,1)
(7521,1)
(41541,1)
(38001,1)
(31881,1)
(66261,1)
(42501,1)
(66561,1)
(81621,1)
(5781,1)
(39021,1)
(6321,1)
(24561,1)
(89301,1)
(83661,1)
(30081,1)
(27081,1)
(42141,1)
(46701,1)
(62001,1)
(64461,1)
(4641,1)
(40941,1)
(78801,1)
(56661,1)
(56781,1)
(30441,1)
(84441,1)
(19941,1)
(85281,1)
(61161,1)
(98061,1)
(17841,1)
(80541,1)
(82881,1)
(81741,1)
(73581,1)
(44421,1)
(66861,1)
(51141,1)
(72321,1)
(22341,1)
(33621,1)
(47061,1)
(9561,1)
(86841,1)
(29181,1)
(29601,1)
(83181,1)
(44001,1)
(97881,1)
(60921,1)
(7281,1)
(75321,1)
(77961,1)
(35601,1)
(92901,1)
(92961,1)
(94581,1)
(68601,1)
(20061,1)
(26601,1)
(15921,1)
(66381,1)
(2661,1)
(45441,1)
(50061,1)
(23841,1)
(74421,1)
(86661,1)
(80481,1)
(35421,1)
(93321,1)
(98781,1)
(82101,1)
(14661,1)
(20901,1)
(32001,1)
(12381,1)
(96261,1)
(65601,1)
(23481,1)
(86901,1)
(25581,1)
(62181,1)
(33261,1)
(19881,1)
(31521,1)
(2121,1)
(34041,1)
(34521,1)
(64761,1)
(59421,1)
(85461,1)
(52341,1)
(48801,1)
(68361,1)
(56601,1)
(96321,1)
(99321,1)
(45501,1)
(981,1)
(68961,1)
(81861,1)
(89361,1)
(31701,1)
(46821,1)
(7461,1)
(19341,1)
(40701,1)
(5961,1)
(53121,1)
(40341,1)
(4161,1)
(8841,1)
(75681,1)
(79821,1)
(29961,1)
(67401,1)
(28881,1)
(53721,1)
(70101,1)
(75081,1)
(77901,1)
(11241,1)
(79581,1)
(50961,1)
(99021,1)
(77841,1)
(82341,1)
(92121,1)
(92181,1)
(99261,1)
(72201,1)
(6861,1)
(4821,1)
(79641,1)
(32181,1)
(46101,1)
(12321,1)
(30981,1)
(77541,1)
(77301,1)
(61101,1)
(72021,1)
(71961,1)
(24201,1)
(97161,1)
(12021,1)
(12501,1)
(29361,1)
(17901,1)
(67641,1)
(54741,1)
(5421,1)
(86541,1)
(80961,1)
(441,1)
(16701,1)
(81801,1)
(3321,1)
(14901,1)
(19641,1)
(22701,1)
(58521,1)
(65301,1)
(11481,1)
(41721,1)
(2481,1)
(30501,1)
(79461,1)
(87441,1)
(52101,1)
(27981,1)
(37881,1)
(3921,1)
(53661,1)
(23421,1)
(85941,1)
(89721,1)
(69561,1)
(71241,1)
(1821,1)
(62481,1)
(92301,1)
(99981,1)
(32601,1)
(42981,1)
(50781,1)
(76821,1)
(98001,1)
(24741,1)
(78561,1)
(4341,1)
(41421,1)
(61581,1)
(85221,1)
(6621,1)
(60021,1)
(22461,1)
(54861,1)
(72141,1)
(33501,1)
(63741,1)
(29061,1)
(32361,1)
(70161,1)
(68481,1)
(18201,1)
(52461,1)
(78441,1)
(69861,1)
(95901,1)
(4521,1)
(52701,1)
(27801,1)
(19401,1)
(89841,1)
(68121,1)
(18441,1)
(34281,1)
(23361,1)
(23601,1)
(52401,1)
(26241,1)
(41121,1)
(37941,1)
(62301,1)
(93201,1)
(59721,1)
(13461,1)
(32661,1)
(2301,1)
(62961,1)
(11421,1)
(45681,1)
(87801,1)
(34821,1)
(39201,1)
(58341,1)
(63501,1)
(9681,1)
(96141,1)
(94101,1)
(24321,1)
(73761,1)
(47721,1)
(9741,1)
(90921,1)
(35781,1)
(50721,1)
(29241,1)
(5241,1)
(21801,1)
(36861,1)
(19761,1)
(88821,1)
(56841,1)
(48501,1)
(11301,1)
(53541,1)
(70941,1)
(11901,1)
(59361,1)
(53961,1)
(15981,1)
(30141,1)
(48381,1)
(58641,1)
(76041,1)
(93861,1)
(17061,1)
(1521,1)
(1701,1)
(12261,1)
(55101,1)
(92421,1)
(17721,1)
(21501,1)
(44301,1)
(90741,1)
(9201,1)
(19701,1)
(54621,1)
(14961,1)
(27921,1)
(2901,1)
(50661,1)
(71361,1)
(49881,1)
(58101,1)
(59301,1)
(90141,1)
(67881,1)
(13941,1)
(77781,1)
(99201,1)
(15201,1)
(82761,1)
(79521,1)
(89541,1)
(11061,1)
(27861,1)
(861,1)
(45201,1)
(40221,1)
(81921,1)
(13281,1)
(13881,1)
(98721,1)
(83061,1)
(87081,1)
(67821,1)
(68301,1)
(81321,1)
(95241,1)
(39441,1)
(97041,1)
(60681,1)
(19521,1)
(49461,1)
(86781,1)
(41661,1)
(67221,1)
(15081,1)
(3981,1)
(17961,1)
(90981,1)
(97401,1)
(96741,1)
(88221,1)
(14301,1)
(87741,1)
(30861,1)
(53241,1)
(74181,1)
(26661,1)
(65001,1)
(91641,1)
(38661,1)
(4101,1)
(74061,1)
(34221,1)
(60201,1)
(52041,1)
(29721,1)
(46041,1)
(16401,1)
(36801,1)
(84081,1)
(71181,1)
(18381,1)
(97281,1)
(37581,1)
(2781,1)
(94161,1)
(93741,1)
(44481,1)
(48261,1)
(71721,1)
(85521,1)
(31041,1)
(96801,1)
(34701,1)
(42201,1)
(72441,1)
(56241,1)
(66741,1)
(51981,1)
(44661,1)
(97221,1)
(43521,1)
(21381,1)
(3441,1)
(20121,1)
(89781,1)
(45741,1)
(76101,1)
(9981,1)
(12621,1)
(45321,1)
(96981,1)
(99501,1)
(18321,1)
(44961,1)
(62241,1)
(69021,1)
(75261,1)
(30321,1)
(97461,1)
(21261,1)
(10581,1)
(5061,1)
(8241,1)
(69201,1)
(40161,1)
(88281,1)
(96021,1)
(51201,1)
(71601,1)
(3021,1)
(39501,1)
(27381,1)
(37161,1)
(36021,1)
(39081,1)
(3501,1)
(65841,1)
(88521,1)
(16041,1)
(78981,1)
(98121,1)
(19821,1)
(75861,1)
(65241,1)
(66441,1)
(80661,1)
(55521,1)
(47301,1)
(93921,1)
(4881,1)
(85341,1)
(94041,1)
(55581,1)
(85761,1)
(2001,1)
(10461,1)
(65061,1)
(82941,1)
(37701,1)
(38181,1)
(95001,1)
(13401,1)
(22881,1)
(79701,1)
(95301,1)
(66681,1)
(29421,1)
(3261,1)
(62361,1)
(80901,1)
(58941,1)
(25341,1)
(46881,1)
(86421,1)
(94401,1)
(66201,1)
(84861,1)
(20661,1)
(24681,1)
(39981,1)
(11781,1)
(38601,1)
(40101,1)
(62901,1)
(2241,1)
(47601,1)
(95421,1)
(97941,1)
(70581,1)
(921,1)
(6381,1)
(60981,1)
(23061,1)
(3801,1)
(51321,1)
(88941,1)
(24381,1)
(57021,1)
(57981,1)
(31941,1)
(25821,1)
(48441,1)
(4701,1)
(84201,1)
(30381,1)
(77181,1)
(2181,1)
(55821,1)
(53481,1)
(23901,1)
(75381,1)
(59001,1)
(25221,1)
(18561,1)
(82701,1)
(94221,1)
(96681,1)
(34101,1)
(37101,1)
(48681,1)
(45381,1)
(5841,1)
(76221,1)
(31461,1)
(78381,1)
(48201,1)
(38241,1)
(74601,1)
(12921,1)
(83961,1)
(96621,1)
(39561,1)
(84561,1)
(90501,1)
(8661,1)
(21141,1)
(84681,1)
(14121,1)
(94521,1)
(24261,1)
(84381,1)
(39921,1)
(681,1)
(93621,1)
(46281,1)
(9621,1)
(12201,1)
(72981,1)
(27561,1)
(61281,1)
(50121,1)
(25101,1)
(38541,1)
(71661,1)
(22761,1)
(46641,1)
(55401,1)
(8001,1)
(63201,1)
(49641,1)
(85401,1)
(15861,1)
(69261,1)
(12081,1)
(63861,1)
(57621,1)
(37401,1)
(31821,1)
(75441,1)
(88101,1)
(28581,1)
(34881,1)
(65541,1)
(63381,1)
(80301,1)
(9501,1)
(34641,1)
(48021,1)
(91821,1)
(80241,1)
(58581,1)
(30681,1)
(49041,1)
(78321,1)
(87261,1)
(25881,1)
(32421,1)
(10341,1)
(81021,1)
(87861,1)
(11661,1)
(42741,1)
(89661,1)
(28701,1)
(3081,1)
(5541,1)
(71841,1)
(38841,1)
(36681,1)
(10641,1)
(88641,1)
(57381,1)
(87021,1)
(60141,1)
(96201,1)
(75621,1)
(84921,1)
(7341,1)
(46341,1)
(28161,1)
(41781,1)
(90021,1)
(91701,1)
(13101,1)
(76401,1)
(33381,1)
(28221,1)
(99741,1)
(7941,1)
(79881,1)
(77001,1)
(16641,1)
(43881,1)
(94281,1)
(91581,1)
(21561,1)
(26721,1)
(36501,1)
(15801,1)
(72561,1)
(84501,1)
(7401,1)
(38961,1)
(56301,1)
(31641,1)
(63921,1)
(63321,1)
(15501,1)
(8481,1)
(49581,1)
(49761,1)
(261,1)
(86121,1)
(95061,1)
(51741,1)
(32061,1)
(13581,1)
(57921,1)
(61041,1)
(54921,1)
(73341,1)
(75501,1)
(68661,1)
(81141,1)
(89181,1)
(13521,1)
(21741,1)
(97521,1)
(51441,1)
(28461,1)
(29121,1)
(41961,1)
(73641,1)
(4761,1)
(19041,1)
(34461,1)
(40821,1)
(73221,1)
(15021,1)
(31101,1)
(17361,1)
(74001,1)
(69681,1)
(56181,1)
(98481,1)
(6801,1)
(20481,1)
(64521,1)
(3681,1)
(60801,1)
(83121,1)
(63081,1)
(59841,1)
(1041,1)
(32901,1)
(85881,1)
(55341,1)
(36201,1)
(62541,1)
(85581,1)
(8421,1)
(10161,1)
(99861,1)
(18261,1)
(71301,1)
(46521,1)
(14721,1)
(74781,1)
(22401,1)
(34401,1)
(94941,1)
(63021,1)
(58041,1)
(32961,1)
(48321,1)
(78741,1)
(1761,1)
(53001,1)
(22821,1)
(98961,1)
(40761,1)
(51681,1)
(51921,1)
(64821,1)
(41361,1)
(5301,1)
(62841,1)
(3621,1)
(17541,1)
(86181,1)
(49521,1)
(38121,1)
(15381,1)
(42801,1)
(17601,1)
(71001,1)
(23541,1)
(4281,1)
(45801,1)
(47901,1)
(76161,1)
(52881,1)
(47241,1)
(34581,1)
(10221,1)
(85701,1)
(91281,1)
(98901,1)
(88761,1)
(60321,1)
(5001,1)
(12561,1)
(99921,1)
(21,1)
(321,1)
(63561,1)
(6741,1)
(91761,1)
(75801,1)
(16341,1)
(17661,1)
(57801,1)
(40401,1)
(30921,1)
(50001,1)
(83901,1)
(48081,1)
(79941,1)
(87921,1)
(83721,1)
(68721,1)
(69921,1)
(98301,1)
(53781,1)
(4221,1)
(51021,1)
(80781,1)
(41601,1)
(52941,1)
(15141,1)
(72861,1)
(35001,1)
(92541,1)
(6501,1)
(5481,1)
(40281,1)
(70281,1)
(33561,1)
(56061,1)
(27681,1)
(36321,1)
(98661,1)
(56721,1)
(62121,1)
(40641,1)
(6921,1)
(56901,1)
(71541,1)
(80001,1)
(71481,1)
(86001,1)
(17481,1)
(42621,1)
(71421,1)
(79761,1)
(27321,1)
(43641,1)
(47181,1)
(24921,1)
(99681,1)
(51861,1)
(82401,1)
(29001,1)
(71901,1)
(77121,1)
(23721,1)
(501,1)
(37341,1)
(86961,1)
(64341,1)
(87201,1)
(70821,1)
(16941,1)
(6561,1)
(88401,1)
(35901,1)
(16281,1)
(21201,1)
(22101,1)
(54981,1)
(6981,1)
(18921,1)
(8061,1)
(64581,1)
(3201,1)
(30561,1)
(12981,1)
(66141,1)
(90081,1)
(37041,1)
(59241,1)
(76761,1)
(47121,1)
(13161,1)
(15321,1)
(38781,1)
(83001,1)
(36981,1)
(87681,1)
(54381,1)
(53841,1)
(70041,1)
(87501,1)
(59661,1)
(22281,1)
(24021,1)
(91401,1)
(93261,1)
(34161,1)
(30801,1)
(80121,1)
(7701,1)
(77061,1)
(93561,1)
(29481,1)
(64941,1)
(97101,1)
(41481,1)
(76341,1)
(59781,1)
(77361,1)
(7101,1)
(1221,1)
(52281,1)
(93021,1)
(33861,1)
(87981,1)
(52821,1)
(58161,1)
(65361,1)
(19161,1)
(65781,1)
(38481,1)
(77601,1)
(94461,1)
(43761,1)
(18801,1)
(97701,1)
(57321,1)
(16461,1)
(82581,1)
(14061,1)
(98181,1)
(8721,1)
(32841,1)
(74301,1)
(48141,1)
(50901,1)
(82821,1)
(94341,1)
(56541,1)
(92001,1)
(52641,1)
(67581,1)
(92841,1)
(28281,1)
(98601,1)
(92781,1)
(49101,1)
(92661,1)
(82221,1)
(8361,1)
(12801,1)
(34941,1)
(95361,1)
(76461,1)
(32541,1)
(95961,1)
(57561,1)
(21861,1)
(33921,1)
(58281,1)
(83241,1)
(1581,1)
(7641,1)
(64221,1)
(73041,1)
(15741,1)
(64041,1)
(61521,1)
(91101,1)
(56421,1)
(18621,1)
(53181,1)
(17301,1)
(53061,1)
(76701,1)
(89481,1)
(18501,1)
(63981,1)
(25941,1)
(76281,1)
(76881,1)
(42381,1)
(95481,1)
(95181,1)
(10281,1)
(26181,1)
(28521,1)
(7161,1)
(31161,1)
(33441,1)
(39861,1)
(44841,1)
(61401,1)
(91461,1)
(20241,1)
(20361,1)
(72681,1)
(80361,1)
(82521,1)
(11721,1)
(22041,1)
(76521,1)
(8781,1)
(24621,1)
(36921,1)
(41301,1)
(24801,1)
(26121,1)
(14361,1)
(73701,1)
(50481,1)
(6441,1)
(90561,1)
(27441,1)
(45261,1)
(28401,1)
(10821,1)
(29541,1)
(22521,1)
(84621,1)
(45981,1)
(73401,1)
(77421,1)
(12441,1)
(38721,1)
(84321,1)
(24141,1)
(60081,1)
(95841,1)
(72801,1)
(98361,1)
(35361,1)
(22941,1)
(26781,1)
(36621,1)
(67521,1)
(20001,1)
(71781,1)
(48981,1)
(42021,1)
(69741,1)
(25761,1)
(35481,1)
(40041,1)
(1101,1)
(15681,1)
(47841,1)
(60441,1)
(87621,1)
(29301,1)
(33141,1)
(49821,1)
(68781,1)
(93441,1)
(36741,1)
(54081,1)
(60561,1)
(57201,1)
(3381,1)
(75981,1)
(10761,1)
(27501,1)
(52761,1)
(52581,1)
(9261,1)
(20541,1)
(89001,1)
(54021,1)
(27261,1)
(51261,1)
(68901,1)
(79101,1)
(31221,1)
(38361,1)
(44721,1)
(79281,1)
(11181,1)
(22581,1)
(93801,1)
(16521,1)
(80061,1)
(91941,1)
(33201,1)
(92061,1)
(26421,1)
(20421,1)
(95541,1)
(81681,1)
(6081,1)
(70221,1)
(26541,1)
(41841,1)
(55041,1)
(64641,1)
(9381,1)
(55941,1)
(21321,1)
(32301,1)
(11121,1)
(1341,1)
(86721,1)
(53361,1)
(26361,1)
(25401,1)
(54201,1)
(1281,1)
(99561,1)
(72261,1)
(1461,1)
(94701,1)
(33801,1)
(36081,1)
(91881,1)
(39321,1)
(8541,1)
(96861,1)
(99441,1)
(6201,1)
(62781,1)
(55281,1)
(76641,1)
(93381,1)
(99141,1)
(37221,1)
(75561,1)
(65181,1)
(61821,1)
(75021,1)
(54501,1)
(90801,1)
(46761,1)
(74721,1)
(34341,1)
(44541,1)
(54321,1)
(13761,1)
(95781,1)
(49941,1)
(69381,1)
(39741,1)
(78621,1)
(47781,1)
(70881,1)
(38901,1)
(5361,1)
(17181,1)
(38421,1)
(21441,1)
(32721,1)
(47001,1)
(18741,1)
(88461,1)
(61881,1)
(42261,1)
(82641,1)
(7821,1)
(21081,1)
(66981,1)
(56361,1)
(41181,1)
(25461,1)
(78141,1)
(4581,1)
(81441,1)
(50841,1)
(39381,1)
(20961,1)
(67941,1)
(20181,1)
(10401,1)
(7761,1)
(14421,1)
(78501,1)
(74481,1)
(43461,1)
(73521,1)
(27621,1)
(45021,1)
(42861,1)
(67101,1)
(80421,1)
(88701,1)
(45861,1)
(97821,1)
(89421,1)
(89961,1)
(14181,1)
(16581,1)
(18141,1)
(36261,1)
(48741,1)
(72921,1)
(79161,1)
(62601,1)
(201,1)
(91341,1)
(95121,1)
(81561,1)
(70341,1)
(67281,1)
(54681,1)
(58461,1)
(61701,1)
(24861,1)
(36441,1)
(12681,1)
(37821,1)
(24441,1)
(52161,1)
(92601,1)
(96381,1)
(59061,1)
(62721,1)
(79401,1)
(26841,1)
(56481,1)
(84741,1)
(98541,1)
(93981,1)
(74901,1)
(58881,1)
(17781,1)
(82041,1)
(69801,1)
(621,1)
(60621,1)
(58221,1)
(23961,1)
(59901,1)
(90381,1)
(33981,1)
(54561,1)
(73461,1)
(46221,1)
(2061,1)
(95601,1)
(381,1)
(53301,1)
(81,1)
(51801,1)
(27741,1)
(84141,1)
(26961,1)
(20841,1)
(88161,1)
(53601,1)
(50601,1)
(64281,1)
(60861,1)
(10881,1)
(86601,1)
(48621,1)
(3741,1)
(45081,1)
(55221,1)
(44181,1)
(19101,1)
(50301,1)
(2421,1)
(43281,1)
(76941,1)
(97581,1)
(94641,1)
(35841,1)
(64161,1)
(61761,1)
(70401,1)
(87141,1)
(9021,1)
(35121,1)
(85101,1)
(60381,1)
(14541,1)
(9861,1)
(54261,1)
(46941,1)
(36561,1)
(33021,1)
(8181,1)
(3861,1)
(18021,1)
(64401,1)
(78201,1)
(75201,1)
(50421,1)
(84021,1)
(75921,1)
(67461,1)
(21981,1)
(46461,1)
(4041,1)
(30741,1)
(5661,1)
(67761,1)
(52221,1)
(35721,1)
(21681,1)
(28101,1)
(43341,1)
(80721,1)
(91161,1)
(51501,1)
(91221,1)
(44781,1)
(35061,1)
(92721,1)
(16221,1)
(6681,1)
(74661,1)
(11601,1)
(99081,1)
(19221,1)
(73161,1)
(74841,1)
(11001,1)
(43821,1)
(78861,1)
(83601,1)
(78261,1)
(47421,1)
(46401,1)
(43701,1)
(40521,1)
(61341,1)
(68841,1)
(561,1)
(86301,1)
(96921,1)
(23121,1)
(17421,1)
(79041,1)
(42441,1)
(56001,1)
(58821,1)
(87321,1)
(13041,1)
(65661,1)
(51381,1)
(88341,1)
(25521,1)
(28641,1)
(70521,1)
(78081,1)
(12141,1)
(63261,1)
(33741,1)
(14601,1)
(54141,1)
(32481,1)
(77241,1)
(35661,1)
(21021,1)
(57681,1)
(91521,1)
(32241,1)
(49161,1)
(7881,1)
(49701,1)
(89061,1)
(13221,1)
(64701,1)
(20301,1)
(45621,1)
(72081,1)
(81201,1)
(10521,1)
(94881,1)
(10101,1)
(96501,1)
(43161,1)
(81981,1)
(81381,1)
(43401,1)
(3561,1)
(49401,1)
(50181,1)
(69981,1)
(62421,1)
(66021,1)
(67161,1)
(74241,1)
(7221,1)
(24981,1)
(80181,1)
(73281,1)
(83781,1)
(88581,1)
(97341,1)
(14841,1)
(25281,1)
(31401,1)
(98841,1)
(56121,1)
(9141,1)
(97641,1)
(16161,1)
(42081,1)
(26301,1)
(90621,1)
(65481,1)
(53421,1)
(41061,1)
(14781,1)
(74361,1)
(9441,1)
(50241,1)
(43101,1)
(27201,1)
(78681,1)
(10941,1)
(33681,1)
(42681,1)
(47361,1)
(99381,1)
(58701,1)
(57141,1)
(11841,1)
(23781,1)
(39621,1)
(5121,1)
(28041,1)
(38301,1)
(4941,1)
(1881,1)
(72501,1)
(90321,1)
(17001,1)
(91041,1)
(65421,1)
(73101,1)
(85641,1)
(51081,1)
(69621,1)
(66921,1)
(88041,1)
(6021,1)
(74121,1)
(94821,1)
(16101,1)
(60501,1)
(93681,1)
(2601,1)
(93501,1)
(54441,1)
(85041,1)
(47961,1)
(45561,1)
(68541,1)
(32121,1)
(47481,1)
(57441,1)
(49221,1)
(59181,1)
(69441,1)
(78021,1)
(5901,1)
(89121,1)
(89241,1)
(76581,1)
(73881,1)
(28341,1)
(86061,1)
(18981,1)
(44361,1)
(21921,1)
(11541,1)
(37281,1)
(44121,1)
(38061,1)
(97761,1)
(92481,1)
(35301,1)
(95721,1)
(88881,1)
(15261,1)
(43581,1)
(44241,1)
(83361,1)
(95661,1)
(74961,1)
(80601,1)
(36141,1)
(57081,1)
(18081,1)
(65901,1)
(99801,1)
(66501,1)
(14481,1)
(99621,1)
(1161,1)
(1941,1)
(63141,1)
(29661,1)
(33081,1)
(58401,1)
(40581,1)
(42561,1)
(30621,1)
(141,1)
(30261,1)
(81501,1)
(16881,1)
(20781,1)
(31341,1)
(1401,1)
(55701,1)
(22641,1)
(23001,1)
(51561,1)
(68061,1)
(34761,1)
(37641,1)
(63441,1)
(43941,1)
(81261,1)
(50361,1)
(25701,1)
(64881,1)
(70461,1)
(57861,1)
(44601,1)
(23301,1)
(71121,1)
(8961,1)
(19461,1)
(30021,1)
(61461,1)
(68421,1)
(61941,1)
(28941,1)
(49341,1)
(77721,1)
(40461,1)
(57741,1)
(15561,1)
(9321,1)
(87381,1)
(93141,1)
(86361,1)
(22221,1)
(39261,1)
(4461,1)
(21621,1)
(37521,1)
(32781,1)
(41901,1)
(6141,1)
(25641,1)
(94761,1)
(60261,1)
(75741,1)
(83481,1)
(85161,1)
(12741,1)
(90201,1)
(77661,1)
(37461,1)
(84801,1)
(36381,1)
(59121,1)
(35241,1)
(69081,1)
(10041,1)
(8301,1)
(23241,1)
(17121,1)
(31761,1)
(67041,1)
(57261,1)
(59601,1)
(24081,1)
(33321,1)
(65121,1)
(2841,1)
(66081,1)
(10701,1)
(90681,1)
(13641,1)
(55161,1)
(12861,1)
(39681,1)
(62661,1)
(26061,1)
(70701,1)
(15441,1)
(47661,1)
(8601,1)
(89601,1)
(43221,1)
(44901,1)
(62061,1)
(31281,1)
(31581,1)
(90441,1)
(9801,1)
(39801,1)
(83841,1)
(84261,1)
(3141,1)
(86481,1)
(59961,1)
(15621,1)
