(59300,1)
(9200,1)
(31760,1)
(18500,1)
(70640,1)
(69380,1)
(28220,1)
(49040,1)
(88400,1)
(51620,1)
(1040,1)
(81800,1)
(85220,1)
(39560,1)
(140,1)
(10100,1)
(39620,1)
(67280,1)
(52400,1)
(56300,1)
(33920,1)
(57800,1)
(58880,1)
(72020,1)
(85340,1)
(62420,1)
(26120,1)
(22820,1)
(87860,1)
(25940,1)
(38600,1)
(34640,1)
(35420,1)
(67100,1)
(78800,1)
(52220,1)
(19160,1)
(87020,1)
(23780,1)
(97700,1)
(1280,1)
(35900,1)
(16460,1)
(12620,1)
(43220,1)
(44840,1)
(59720,1)
(87260,1)
(26900,1)
(56780,1)
(56540,1)
(94940,1)
(2180,1)
(15680,1)
(11000,1)
(58340,1)
(36200,1)
(20300,1)
(95900,1)
(3500,1)
(72140,1)
(2360,1)
(20780,1)
(38060,1)
(72320,1)
(81860,1)
(72200,1)
(1940,1)
(28820,1)
(30860,1)
(36620,1)
(40100,1)
(13940,1)
(40520,1)
(11480,1)
(29600,1)
(85580,1)
(51740,1)
(57680,1)
(29000,1)
(13160,1)
(62300,1)
(56720,1)
(11780,1)
(25040,1)
(80540,1)
(13280,1)
(48980,1)
(59900,1)
(15560,1)
(67220,1)
(10760,1)
(68360,1)
(47660,1)
(95720,1)
(5420,1)
(40880,1)
(10400,1)
(18260,1)
(35120,1)
(23180,1)
(74360,1)
(86000,1)
(10520,1)
(41000,1)
(56660,1)
(3980,1)
(14540,1)
(30020,1)
(56060,1)
(36140,1)
(46640,1)
(69980,1)
(8420,1)
(12080,1)
(92840,1)
(3140,1)
(27020,1)
(79280,1)
(62000,1)
(18920,1)
(78560,1)
(97820,1)
(99800,1)
(69740,1)
(34160,1)
(90080,1)
(82220,1)
(39140,1)
(70460,1)
(62840,1)
(61820,1)
(13520,1)
(96980,1)
(60560,1)
(13400,1)
(50120,1)
(3620,1)
(24740,1)
(32420,1)
(80660,1)
(55340,1)
(36500,1)
(39740,1)
(97040,1)
(95360,1)
(91940,1)
(74840,1)
(68480,1)
(29180,1)
(84380,1)
(88340,1)
(83360,1)
(38360,1)
(49580,1)
(76880,1)
(44240,1)
(61760,1)
(94640,1)
(17660,1)
(53240,1)
(98720,1)
(81980,1)
(49220,1)
(97520,1)
(54800,1)
(30620,1)
(4220,1)
(85040,1)
(18020,1)
(6980,1)
(83900,1)
(77240,1)
(5300,1)
(34220,1)
(83240,1)
(60260,1)
(3380,1)
(13460,1)
(90500,1)
(36800,1)
(21080,1)
(87320,1)
(32900,1)
(29120,1)
(89180,1)
(64580,1)
(92600,1)
(94100,1)
(15440,1)
(37580,1)
(91280,1)
(21920,1)
(93260,1)
(27560,1)
(8060,1)
(61040,1)
(73220,1)
(42980,1)
(54740,1)
(39200,1)
(94220,1)
(71300,1)
(57980,1)
(96440,1)
(8660,1)
(9080,1)
(11060,1)
(57260,1)
(43280,1)
(22460,1)
(33980,1)
(57380,1)
(19700,1)
(96080,1)
(37820,1)
(78440,1)
(29240,1)
(12680,1)
(61160,1)
(18320,1)
(72380,1)
(94880,1)
(95660,1)
(56000,1)
(58220,1)
(98540,1)
(83960,1)
(16580,1)
(76640,1)
(66740,1)
(8480,1)
(76700,1)
(67520,1)
(47900,1)
(48500,1)
(97940,1)
(70520,1)
(31040,1)
(95840,1)
(24260,1)
(48320,1)
(31400,1)
(62060,1)
(36320,1)
(84020,1)
(54500,1)
(63860,1)
(74060,1)
(39320,1)
(15260,1)
(62240,1)
(98360,1)
(19040,1)
(37520,1)
(84260,1)
(37940,1)
(10640,1)
(67340,1)
(14360,1)
(27260,1)
(7100,1)
(66380,1)
(91520,1)
(22520,1)
(65780,1)
(82760,1)
(68240,1)
(41720,1)
(78500,1)
(64340,1)
(66860,1)
(90020,1)
(45620,1)
(80480,1)
(46520,1)
(85280,1)
(81320,1)
(28400,1)
(62480,1)
(27200,1)
(17060,1)
(17780,1)
(44960,1)
(62900,1)
(16040,1)
(69860,1)
(87980,1)
(1400,1)
(6920,1)
(28280,1)
(63800,1)
(7760,1)
(48860,1)
(68540,1)
(44360,1)
(68420,1)
(10880,1)
(15380,1)
(78140,1)
(45380,1)
(38240,1)
(77120,1)
(44540,1)
(20540,1)
(25520,1)
(95540,1)
(83480,1)
(20480,1)
(2300,1)
(22340,1)
(27500,1)
(54860,1)
(95600,1)
(32780,1)
(55280,1)
(76280,1)
(69320,1)
(44420,1)
(16700,1)
(30800,1)
(97880,1)
(19220,1)
(49340,1)
(68120,1)
(9440,1)
(76040,1)
(8180,1)
(94580,1)
(78740,1)
(27800,1)
(41240,1)
(49940,1)
(50960,1)
(81020,1)
(42320,1)
(20,1)
(69080,1)
(14600,1)
(53360,1)
(7280,1)
(21260,1)
(71180,1)
(1580,1)
(26720,1)
(76160,1)
(59840,1)
(17000,1)
(79520,1)
(56420,1)
(49700,1)
(16760,1)
(51980,1)
(28100,1)
(45800,1)
(75560,1)
(60740,1)
(83120,1)
(98060,1)
(33080,1)
(9020,1)
(76520,1)
(620,1)
(39860,1)
(63500,1)
(88880,1)
(41420,1)
(5840,1)
(75140,1)
(30380,1)
(88100,1)
(36560,1)
(23120,1)
(87500,1)
(91760,1)
(86840,1)
(66620,1)
(52460,1)
(40160,1)
(99500,1)
(35840,1)
(84140,1)
(82160,1)
(49400,1)
(11660,1)
(2060,1)
(86180,1)
(21440,1)
(82280,1)
(68900,1)
(89840,1)
(3440,1)
(95480,1)
(51260,1)
(4520,1)
(30080,1)
(2120,1)
(43700,1)
(96320,1)
(14720,1)
(40040,1)
(15140,1)
(47480,1)
(23420,1)
(49820,1)
(560,1)
(26180,1)
(36380,1)
(39080,1)
(37700,1)
(11840,1)
(20960,1)
(55940,1)
(6500,1)
(99200,1)
(74600,1)
(75020,1)
(98480,1)
(19880,1)
(66020,1)
(89960,1)
(66080,1)
(67700,1)
(69680,1)
(46460,1)
(39260,1)
(42200,1)
(68000,1)
(41060,1)
(74420,1)
(70580,1)
(24080,1)
(1880,1)
(57500,1)
(61460,1)
(85940,1)
(65540,1)
(61100,1)
(58100,1)
(4280,1)
(83300,1)
(29060,1)
(15920,1)
(96800,1)
(9680,1)
(56120,1)
(13580,1)
(93320,1)
(57740,1)
(27080,1)
(74660,1)
(75080,1)
(35240,1)
(47060,1)
(43640,1)
(66800,1)
(96680,1)
(54680,1)
(84560,1)
(2540,1)
(13760,1)
(6560,1)
(59060,1)
(16340,1)
(24560,1)
(64760,1)
(4580,1)
(67040,1)
(67940,1)
(25160,1)
(42620,1)
(99920,1)
(12020,1)
(95000,1)
(86660,1)
(66140,1)
(27920,1)
(4160,1)
(13220,1)
(44060,1)
(95120,1)
(90140,1)
(86960,1)
(40280,1)
(57200,1)
(7820,1)
(91700,1)
(16820,1)
(71480,1)
(30980,1)
(37280,1)
(12140,1)
(34040,1)
(90680,1)
(96740,1)
(10820,1)
(16640,1)
(36740,1)
(34760,1)
(38180,1)
(2420,1)
(34820,1)
(71900,1)
(22040,1)
(27620,1)
(20060,1)
(61880,1)
(73040,1)
(73700,1)
(74900,1)
(84500,1)
(29840,1)
(1340,1)
(64220,1)
(85700,1)
(5000,1)
(17840,1)
(28460,1)
(75200,1)
(52520,1)
(24860,1)
(86540,1)
(85760,1)
(51800,1)
(71960,1)
(19460,1)
(96140,1)
(20180,1)
(27740,1)
(22160,1)
(45920,1)
(15800,1)
(84980,1)
(45740,1)
(2780,1)
(45080,1)
(72500,1)
(93920,1)
(14120,1)
(49640,1)
(61400,1)
(22400,1)
(5720,1)
(89480,1)
(65720,1)
(60620,1)
(41960,1)
(52100,1)
(79760,1)
(40340,1)
(15740,1)
(66980,1)
(2480,1)
(50420,1)
(72560,1)
(9140,1)
(14060,1)
(7220,1)
(88760,1)
(79160,1)
(67580,1)
(42080,1)
(60020,1)
(6080,1)
(87800,1)
(30320,1)
(97400,1)
(96200,1)
(90380,1)
(18980,1)
(34400,1)
(90560,1)
(6680,1)
(31160,1)
(27980,1)
(17180,1)
(34940,1)
(70100,1)
(20840,1)
(70040,1)
(87080,1)
(56240,1)
(47300,1)
(73580,1)
(66680,1)
(72680,1)
(58160,1)
(53180,1)
(53300,1)
(21500,1)
(2840,1)
(89720,1)
(63320,1)
(17240,1)
(15500,1)
(94820,1)
(52580,1)
(54440,1)
(98300,1)
(33740,1)
(20660,1)
(98420,1)
(30140,1)
(16220,1)
(72620,1)
(66560,1)
(97640,1)
(21800,1)
(46820,1)
(98780,1)
(45440,1)
(27440,1)
(51860,1)
(96380,1)
(38000,1)
(7880,1)
(51020,1)
(77900,1)
(51200,1)
(88040,1)
(40820,1)
(5780,1)
(6800,1)
(9560,1)
(76460,1)
(68060,1)
(71420,1)
(87620,1)
(92240,1)
(70940,1)
(72440,1)
(60920,1)
(73640,1)
(86300,1)
(83180,1)
(37400,1)
(860,1)
(8360,1)
(39500,1)
(45200,1)
(93200,1)
(80240,1)
(13700,1)
(77720,1)
(29720,1)
(70280,1)
(63740,1)
(60200,1)
(80120,1)
(21980,1)
(3680,1)
(79880,1)
(25100,1)
(64160,1)
(80180,1)
(28880,1)
(5600,1)
(35720,1)
(76400,1)
(64640,1)
(77300,1)
(78320,1)
(89060,1)
(5480,1)
(78200,1)
(90320,1)
(12560,1)
(63920,1)
(7460,1)
(13640,1)
(42500,1)
(38900,1)
(25460,1)
(77600,1)
(93980,1)
(3260,1)
(5360,1)
(50720,1)
(21140,1)
(34520,1)
(14480,1)
(78980,1)
(74180,1)
(93560,1)
(52700,1)
(16100,1)
(95240,1)
(71540,1)
(33500,1)
(93680,1)
(23840,1)
(48560,1)
(31820,1)
(77780,1)
(30500,1)
(70700,1)
(1760,1)
(27140,1)
(42020,1)
(60080,1)
(13820,1)
(14000,1)
(76220,1)
(78920,1)
(97280,1)
(80300,1)
(46340,1)
(82520,1)
(9500,1)
(53000,1)
(61340,1)
(73880,1)
(43940,1)
(26780,1)
(84920,1)
(59780,1)
(60140,1)
(68840,1)
(20720,1)
(34880,1)
(68960,1)
(91100,1)
(28160,1)
(51080,1)
(5900,1)
(57020,1)
(98960,1)
(26360,1)
(66200,1)
(79460,1)
(96860,1)
(10700,1)
(83780,1)
(89540,1)
(58580,1)
(20900,1)
(25340,1)
(33200,1)
(14960,1)
(89660,1)
(71000,1)
(15200,1)
(33140,1)
(25820,1)
(74120,1)
(93500,1)
(93140,1)
(7640,1)
(80360,1)
(980,1)
(13880,1)
(25700,1)
(47960,1)
(65600,1)
(15320,1)
(79400,1)
(76100,1)
(82400,1)
(80060,1)
(79700,1)
(18740,1)
(53960,1)
(26540,1)
(46880,1)
(76820,1)
(24680,1)
(37160,1)
(83720,1)
(73280,1)
(59960,1)
(21680,1)
(45860,1)
(7940,1)
(58040,1)
(84620,1)
(92900,1)
(15020,1)
(16400,1)
(800,1)
(63560,1)
(4880,1)
(18860,1)
(41360,1)
(45140,1)
(60440,1)
(87380,1)
(91820,1)
(12740,1)
(49760,1)
(29480,1)
(24980,1)
(4340,1)
(75260,1)
(11180,1)
(28520,1)
(53720,1)
(22100,1)
(72920,1)
(42380,1)
(45320,1)
(11720,1)
(18380,1)
(53540,1)
(93440,1)
(93620,1)
(51380,1)
(8240,1)
(99680,1)
(51140,1)
(76940,1)
(73760,1)
(78680,1)
(50660,1)
(52040,1)
(90440,1)
(56600,1)
(32540,1)
(90860,1)
(94760,1)
(64460,1)
(73940,1)
(29540,1)
(55460,1)
(35960,1)
(64040,1)
(81920,1)
(99560,1)
(84860,1)
(31460,1)
(32480,1)
(44120,1)
(55820,1)
(83420,1)
(42440,1)
(66440,1)
(17480,1)
(38420,1)
(6440,1)
(36860,1)
(10280,1)
(23240,1)
(65840,1)
(7700,1)
(50600,1)
(29660,1)
(87200,1)
(16940,1)
(23000,1)
(91880,1)
(50840,1)
(10340,1)
(52760,1)
(48020,1)
(29420,1)
(92120,1)
(54920,1)
(55520,1)
(64940,1)
(21380,1)
(53600,1)
(33680,1)
(82040,1)
(95300,1)
(21020,1)
(76760,1)
(62960,1)
(82100,1)
(23540,1)
(90800,1)
(43580,1)
(63980,1)
(94460,1)
(41900,1)
(24620,1)
(42740,1)
(32660,1)
(53420,1)
(83000,1)
(69140,1)
(17960,1)
(26060,1)
(99740,1)
(60500,1)
(94400,1)
(46040,1)
(19640,1)
(30200,1)
(79100,1)
(42800,1)
(52280,1)
(91580,1)
(32960,1)
(2600,1)
(88940,1)
(24320,1)
(42860,1)
(94040,1)
(34100,1)
(50000,1)
(3740,1)
(37040,1)
(55220,1)
(32240,1)
(740,1)
(36440,1)
(37640,1)
(99320,1)
(30560,1)
(47240,1)
(65180,1)
(95060,1)
(78020,1)
(89240,1)
(19760,1)
(66500,1)
(1100,1)
(11600,1)
(61640,1)
(68180,1)
(17720,1)
(26000,1)
(18680,1)
(21320,1)
(14420,1)
(61580,1)
(4940,1)
(55100,1)
(6140,1)
(21200,1)
(97460,1)
(45500,1)
(54560,1)
(56900,1)
(56480,1)
(50540,1)
(55880,1)
(18560,1)
(88820,1)
(23060,1)
(94520,1)
(32360,1)
(53060,1)
(57920,1)
(15860,1)
(21860,1)
(22640,1)
(31880,1)
(38960,1)
(88640,1)
(35300,1)
(58760,1)
(78620,1)
(35780,1)
(47600,1)
(75980,1)
(96500,1)
(30740,1)
(31940,1)
(84740,1)
(21560,1)
(40940,1)
(29960,1)
(17540,1)
(49160,1)
(23360,1)
(65420,1)
(89360,1)
(93860,1)
(29780,1)
(15620,1)
(81260,1)
(35660,1)
(98180,1)
(30680,1)
(39020,1)
(53120,1)
(26300,1)
(56960,1)
(94340,1)
(3020,1)
(9260,1)
(75680,1)
(75920,1)
(64400,1)
(54320,1)
(16280,1)
(87740,1)
(17300,1)
(69260,1)
(72080,1)
(64520,1)
(67880,1)
(67640,1)
(41300,1)
(2720,1)
(63680,1)
(82940,1)
(89600,1)
(64820,1)
(20120,1)
(57440,1)
(55760,1)
(14300,1)
(35360,1)
(33020,1)
(50360,1)
(36920,1)
(32000,1)
(47360,1)
(53780,1)
(82580,1)
(3080,1)
(63440,1)
(77660,1)
(48200,1)
(13040,1)
(85400,1)
(8600,1)
(48800,1)
(19820,1)
(43400,1)
(60980,1)
(99140,1)
(66260,1)
(22700,1)
(99980,1)
(96620,1)
(78860,1)
(53900,1)
(31640,1)
(50300,1)
(71240,1)
(60800,1)
(86780,1)
(49520,1)
(86420,1)
(71360,1)
(9380,1)
(15980,1)
(32300,1)
(7520,1)
(79340,1)
(3860,1)
(21740,1)
(61520,1)
(91040,1)
(95780,1)
(1220,1)
(73460,1)
(12800,1)
(69800,1)
(19520,1)
(72740,1)
(67460,1)
(28580,1)
(2000,1)
(68660,1)
(38780,1)
(81380,1)
(36020,1)
(40640,1)
(58940,1)
(58460,1)
(84680,1)
(92360,1)
(43520,1)
(58820,1)
(27680,1)
(43820,1)
(46580,1)
(63080,1)
(68600,1)
(92660,1)
(9620,1)
(29300,1)
(57560,1)
(67160,1)
(57080,1)
(75860,1)
(55640,1)
(24380,1)
(37460,1)
(93740,1)
(92960,1)
(88520,1)
(12980,1)
(52880,1)
(69020,1)
(51500,1)
(5180,1)
(4400,1)
(99020,1)
(50480,1)
(74240,1)
(5960,1)
(23660,1)
(7340,1)
(82880,1)
(61940,1)
(37100,1)
(33800,1)
(78260,1)
(87140,1)
(41840,1)
(54140,1)
(4100,1)
(59480,1)
(47780,1)
(51560,1)
(5120,1)
(33560,1)
(920,1)
(70820,1)
(52640,1)
(74000,1)
(86060,1)
(71060,1)
(91400,1)
(8900,1)
(19580,1)
(23900,1)
(10580,1)
(58520,1)
(99380,1)
(27320,1)
(37880,1)
(40760,1)
(86600,1)
(13340,1)
(62660,1)
(38840,1)
(72980,1)
(29900,1)
(22220,1)
(67760,1)
(84200,1)
(90740,1)
(54980,1)
(440,1)
(32720,1)
(28640,1)
(30920,1)
(75320,1)
(11240,1)
(91640,1)
(22940,1)
(9320,1)
(80,1)
(55700,1)
(46400,1)
(72800,1)
(69920,1)
(62780,1)
(10160,1)
(98240,1)
(38720,1)
(8300,1)
(77540,1)
(44780,1)
(61280,1)
(42560,1)
(32060,1)
(9740,1)
(77360,1)
(54260,1)
(83840,1)
(24020,1)
(81140,1)
(80600,1)
(200,1)
(55580,1)
(7040,1)
(93380,1)
(52820,1)
(3800,1)
(1640,1)
(14840,1)
(82700,1)
(95960,1)
(4820,1)
(49100,1)
(8000,1)
(63260,1)
(98900,1)
(78080,1)
(41780,1)
(70760,1)
(85520,1)
(41540,1)
(97100,1)
(73820,1)
(77840,1)
(66920,1)
(40580,1)
(8540,1)
(49460,1)
(6620,1)
(18800,1)
(3200,1)
(43160,1)
(16880,1)
(73520,1)
(24800,1)
(34280,1)
(5060,1)
(9860,1)
(79820,1)
(45680,1)
(41180,1)
(55160,1)
(62600,1)
(78380,1)
(62540,1)
(12320,1)
(89420,1)
(19940,1)
(70880,1)
(34340,1)
(31220,1)
(79940,1)
(91460,1)
(89120,1)
(31520,1)
(42260,1)
(79580,1)
(62720,1)
(5540,1)
(98840,1)
(6860,1)
(90260,1)
(35480,1)
(44720,1)
(71840,1)
(93020,1)
(80960,1)
(60680,1)
(43460,1)
(92720,1)
(32180,1)
(26960,1)
(96020,1)
(12260,1)
(87680,1)
(45980,1)
(320,1)
(88700,1)
(58400,1)
(39800,1)
(70400,1)
(12920,1)
(73160,1)
(5660,1)
(81440,1)
(20420,1)
(75500,1)
(86360,1)
(65060,1)
(24440,1)
(89000,1)
(65000,1)
(46100,1)
(5240,1)
(11900,1)
(20600,1)
(11360,1)
(94280,1)
(62180,1)
(71780,1)
(2960,1)
(94160,1)
(35060,1)
(71720,1)
(39920,1)
(25280,1)
(37760,1)
(57620,1)
(36080,1)
(84320,1)
(85880,1)
(70160,1)
(96260,1)
(33440,1)
(11120,1)
(23720,1)
(69620,1)
(3320,1)
(34700,1)
(26240,1)
(98600,1)
(73100,1)
(25760,1)
(47420,1)
(48920,1)
(8720,1)
(74960,1)
(10940,1)
(14900,1)
(48380,1)
(24920,1)
(4760,1)
(94700,1)
(59000,1)
(98660,1)
(38480,1)
(53840,1)
(19400,1)
(12500,1)
(6020,1)
(84080,1)
(14180,1)
(66320,1)
(64700,1)
(82820,1)
(77180,1)
(62360,1)
(58700,1)
(68720,1)
(86900,1)
(46760,1)
(97760,1)
(3560,1)
(43760,1)
(48260,1)
(54380,1)
(75440,1)
(44600,1)
(12440,1)
(30260,1)
(85160,1)
(86120,1)
(12860,1)
(25580,1)
(90620,1)
(30440,1)
(47000,1)
(41120,1)
(72860,1)
(19340,1)
(92540,1)
(40700,1)
(35180,1)
(7160,1)
(26420,1)
(68300,1)
(77480,1)
(89300,1)
(59660,1)
(45560,1)
(23300,1)
(31580,1)
(53660,1)
(23960,1)
(81560,1)
(39680,1)
(33380,1)
(82340,1)
(2660,1)
(18140,1)
(17120,1)
(35540,1)
(26840,1)
(38300,1)
(89900,1)
(75800,1)
(60380,1)
(77060,1)
(71120,1)
(31700,1)
(43040,1)
(4460,1)
(75620,1)
(36980,1)
(87560,1)
(1700,1)
(17900,1)
(24140,1)
(19100,1)
(44180,1)
(42140,1)
(97220,1)
(22580,1)
(79040,1)
(46280,1)
(14660,1)
(54020,1)
(73400,1)
(98120,1)
(9980,1)
(75380,1)
(99260,1)
(8120,1)
(22760,1)
(40460,1)
(54620,1)
(38660,1)
(26660,1)
(70340,1)
(65120,1)
(70220,1)
(4040,1)
(77000,1)
(18620,1)
(69200,1)
(58640,1)
(92060,1)
(92780,1)
(50900,1)
(65660,1)
(16160,1)
(63620,1)
(86480,1)
(89780,1)
(6200,1)
(76580,1)
(14780,1)
(48140,1)
(8780,1)
(33620,1)
(88460,1)
(8960,1)
(27380,1)
(64100,1)
(28700,1)
(32120,1)
(26480,1)
(80780,1)
(51320,1)
(380,1)
(25220,1)
(28040,1)
(80420,1)
(6320,1)
(65300,1)
(500,1)
(55400,1)
(59360,1)
(59120,1)
(29360,1)
(74480,1)
(77960,1)
(2900,1)
(67820,1)
(10220,1)
(59240,1)
(81740,1)
(260,1)
(63380,1)
(44900,1)
(91220,1)
(71600,1)
(69560,1)
(55040,1)
(88160,1)
(17420,1)
(81500,1)
(32600,1)
(25400,1)
(93080,1)
(90980,1)
(74780,1)
(47840,1)
(19280,1)
(43880,1)
(83600,1)
(92180,1)
(4700,1)
(65360,1)
(21620,1)
(20000,1)
(46940,1)
(20240,1)
(84440,1)
(84800,1)
(45260,1)
(97340,1)
(93800,1)
(12200,1)
(28940,1)
(15080,1)
(99080,1)
(80000,1)
(50240,1)
(63140,1)
(59540,1)
(39980,1)
(23600,1)
(85640,1)
(22880,1)
(69500,1)
(60320,1)
(33860,1)
(57140,1)
(91160,1)
(92000,1)
(40400,1)
(11540,1)
(11960,1)
(96920,1)
(47180,1)
(7400,1)
(82460,1)
(48740,1)
(52940,1)
(92300,1)
(40220,1)
(48680,1)
(1520,1)
(6260,1)
(20360,1)
(54080,1)
(88580,1)
(83660,1)
(97580,1)
(18200,1)
(45020,1)
(6380,1)
(49280,1)
(98000,1)
(50780,1)
(38120,1)
(74720,1)
(91340,1)
(76340,1)
(10460,1)
(44480,1)
(31340,1)
(17360,1)
(22280,1)
(64280,1)
(80840,1)
(79640,1)
(23480,1)
(47720,1)
(56360,1)
(33320,1)
(59600,1)
(8840,1)
(83540,1)
(2240,1)
(64880,1)
(61220,1)
(62120,1)
(25640,1)
(34580,1)
(37220,1)
(31100,1)
(71660,1)
(80900,1)
(65960,1)
(14240,1)
(41600,1)
(11300,1)
(47120,1)
(7580,1)
(53480,1)
(17600,1)
(85460,1)
(11420,1)
(1820,1)
(88280,1)
(47540,1)
(74300,1)
(74540,1)
(6740,1)
(79220,1)
(46220,1)
(34460,1)
(39440,1)
(31280,1)
(75740,1)
(24200,1)
(63200,1)
(85100,1)
(92420,1)
(81620,1)
(95180,1)
(10040,1)
(51920,1)
(25880,1)
(39380,1)
(44660,1)
(57320,1)
(41660,1)
(18440,1)
(63020,1)
(51680,1)
(28340,1)
(77420,1)
(65240,1)
(56180,1)
(32840,1)
(87440,1)
(24500,1)
(46160,1)
(4640,1)
(33260,1)
(57860,1)
(58280,1)
(95420,1)
(9920,1)
(99440,1)
(81200,1)
(69440,1)
(99620,1)
(36260,1)
(86240,1)
(49880,1)
(90920,1)
(35600,1)
(16520,1)
(38540,1)
(37340,1)
(92480,1)
(28760,1)
(72260,1)
(88220,1)
(65480,1)
(50180,1)
(27860,1)
(50060,1)
(85820,1)
(90200,1)
(54200,1)
(81080,1)
(3920,1)
(67400,1)
(44000,1)
(43100,1)
(52340,1)
(83060,1)
(1160,1)
(46700,1)
(680,1)
(81680,1)
(59180,1)
(99860,1)
(48620,1)
(26600,1)
(9800,1)
(36680,1)
(18080,1)
(61700,1)
(51440,1)
(65900,1)
(82640,1)
(96560,1)
(41480,1)
(56840,1)
(44300,1)
(60860,1)
(43340,1)
(42680,1)
(1460,1)
(42920,1)
(73340,1)
(35000,1)
(59420,1)
(48080,1)
(48440,1)
(68780,1)
(97160,1)
(52160,1)
(12380,1)
(87920,1)
(13100,1)
(80720,1)
(86720,1)
