(66801,1)
(26901,1)
(18861,1)
(50541,1)
(7041,1)
(87561,1)
(92241,1)
(17241,1)
(83421,1)
(86241,1)
(13701,1)
(63621,1)
(74541,1)
(4401,1)
(43041,1)
(44061,1)
(28761,1)
(60741,1)
(58761,1)
(78921,1)
(85821,1)
(8121,1)
(66621,1)
(24501,1)
(68181,1)
(45141,1)
(80841,1)
(69141,1)
(48921,1)
(96561,1)
(27141,1)
(46161,1)
(61221,1)
(46581,1)
(47541,1)
(77481,1)
(48561,1)
(57501,1)
(801,1)
(72621,1)
(2541,1)
(70761,1)
(55881,1)
(25161,1)
(25041,1)
(20721,1)
(70641,1)
(30201,1)
(6261,1)
(13821,1)
(63681,1)
(19281,1)
(53901,1)
(35961,1)
(23181,1)
(73941,1)
(35541,1)
(84981,1)
(5181,1)
(13341,1)
(29841,1)
(2721,1)
(69501,1)
(98241,1)
(90261,1)
(7581,1)
(9081,1)
(18681,1)
(27021,1)
(741,1)
(65721,1)
(72741,1)
(5601,1)
(69321,1)
(67341,1)
(63801,1)
(82281,1)
(22161,1)
(65961,1)
(16761,1)
(55641,1)
(35181,1)
(42921,1)
(79221,1)
(83301,1)
(29781,1)
(89901,1)
(55461,1)
(9921,1)
(1641,1)
(45921,1)
(11361,1)
(59541,1)
(52521,1)
(75141,1)
(90861,1)
(51621,1)
(66321,1)
(59481,1)
(5721,1)
(55761,1)
(2961,1)
(14001,1)
(42321,1)
(39141,1)
(41001,1)
(49281,1)
(56961,1)
(81081,1)
(20601,1)
(73821,1)
(83541,1)
(61641,1)
(64101,1)
(92361,1)
(96441,1)
(19581,1)
(82161,1)
(93081,1)
(98421,1)
(16821,1)
(23661,1)
(37761,1)
(40881,1)
(68241,1)
(71061,1)
(72381,1)
(41241,1)
(96081,1)
(26001,1)
(28821,1)
(48861,1)
(29901,1)
(8901,1)
(54801,1)
(67701,1)
(68001,1)
(79341,1)
(2361,1)
(82461,1)
(26481,1)
(11961,1)
(14241,1)
(7521,1)
(41541,1)
(38001,1)
(31881,1)
(66261,1)
(42501,1)
(66561,1)
(81621,1)
(5781,1)
(39021,1)
(6321,1)
(24561,1)
(89301,1)
(83661,1)
(30081,1)
(27081,1)
(42141,1)
(46701,1)
(62001,1)
(64461,1)
(4641,1)
(40941,1)
(78801,1)
(56661,1)
(56781,1)
(30441,1)
(84441,1)
(19941,1)
(85281,1)
(61161,1)
(98061,1)
(17841,1)
(80541,1)
(82881,1)
(81741,1)
(73581,1)
(44421,1)
(66861,1)
(51141,1)
(72321,1)
(22341,1)
(33621,1)
(47061,1)
(9561,1)
(86841,1)
(29181,1)
(29601,1)
(83181,1)
(44001,1)
(97881,1)
(60921,1)
(7281,1)
(75321,1)
(77961,1)
(35601,1)
(92901,1)
(92961,1)
(94581,1)
(68601,1)
(20061,1)
(26601,1)
(15921,1)
(66381,1)
(2661,1)
(45441,1)
(50061,1)
(23841,1)
(74421,1)
(86661,1)
(80481,1)
(35421,1)
(93321,1)
(98781,1)
(82101,1)
(14661,1)
(20901,1)
(32001,1)
(12381,1)
(96261,1)
(65601,1)
(23481,1)
(86901,1)
(25581,1)
(62181,1)
(33261,1)
(19881,1)
(31521,1)
(2121,1)
(34041,1)
(34521,1)
(64761,1)
(59421,1)
(85461,1)
(52341,1)
(48801,1)
(68361,1)
(56601,1)
(96321,1)
(99321,1)
(45501,1)
(981,1)
(68961,1)
(81861,1)
(89361,1)
(31701,1)
(46821,1)
(7461,1)
(19341,1)
(40701,1)
(5961,1)
(53121,1)
(40341,1)
(4161,1)
(8841,1)
(75681,1)
(79821,1)
(29961,1)
(67401,1)
(28881,1)
(53721,1)
(70101,1)
(75081,1)
(77901,1)
(11241,1)
(79581,1)
(50961,1)
(99021,1)
(77841,1)
(82341,1)
(92121,1)
(92181,1)
(99261,1)
(72201,1)
(6861,1)
(4821,1)
(79641,1)
(32181,1)
(46101,1)
(12321,1)
(30981,1)
(77541,1)
(77301,1)
(61101,1)
(72021,1)
(71961,1)
(24201,1)
(97161,1)
(12021,1)
(12501,1)
(29361,1)
(17901,1)
(67641,1)
(54741,1)
(5421,1)
(86541,1)
(80961,1)
(441,1)
(16701,1)
(81801,1)
(3321,1)
(14901,1)
(19641,1)
(22701,1)
(58521,1)
(65301,1)
(11481,1)
(41721,1)
(2481,1)
(30501,1)
(79461,1)
(87441,1)
(52101,1)
(27981,1)
(37881,1)
(3921,1)
(53661,1)
(23421,1)
(85941,1)
(89721,1)
(69561,1)
(71241,1)
(1821,1)
(62481,1)
(92301,1)
(99981,1)
(32601,1)
(42981,1)
(50781,1)
(76821,1)
(98001,1)
(24741,1)
(78561,1)
(4341,1)
(41421,1)
(61581,1)
(85221,1)
(6621,1)
(60021,1)
(22461,1)
(54861,1)
(72141,1)
(33501,1)
(63741,1)
(29061,1)
(32361,1)
(70161,1)
(68481,1)
(18201,1)
(52461,1)
(78441,1)
(69861,1)
(95901,1)
(4521,1)
(52701,1)
(27801,1)
(19401,1)
(89841,1)
(68121,1)
(18441,1)
(34281,1)
(23361,1)
(23601,1)
(52401,1)
(26241,1)
(41121,1)
(37941,1)
(62301,1)
(93201,1)
(59721,1)
(13461,1)
(32661,1)
(2301,1)
(62961,1)
(11421,1)
(45681,1)
(87801,1)
(34821,1)
(39201,1)
(58341,1)
(63501,1)
(9681,1)
(96141,1)
(94101,1)
(24321,1)
(73761,1)
(47721,1)
(9741,1)
(90921,1)
(35781,1)
(50721,1)
(29241,1)
(5241,1)
(21801,1)
(36861,1)
(19761,1)
(88821,1)
(56841,1)
(48501,1)
(11301,1)
(53541,1)
(70941,1)
(11901,1)
(59361,1)
(53961,1)
(15981,1)
(30141,1)
(48381,1)
(58641,1)
(76041,1)
(93861,1)
(17061,1)
(1521,1)
(1701,1)
(12261,1)
(55101,1)
(92421,1)
(17721,1)
(21501,1)
(44301,1)
(90741,1)
(9201,1)
(19701,1)
(54621,1)
(14961,1)
(27921,1)
(2901,1)
(50661,1)
(71361,1)
(49881,1)
(58101,1)
(59301,1)
(90141,1)
(67881,1)
(13941,1)
(77781,1)
(99201,1)
(15201,1)
(82761,1)
(79521,1)
(89541,1)
(11061,1)
(27861,1)
(861,1)
(45201,1)
(40221,1)
(81921,1)
(13281,1)
(13881,1)
(98721,1)
(83061,1)
(87081,1)
(67821,1)
(68301,1)
(81321,1)
(95241,1)
(39441,1)
(97041,1)
(60681,1)
(19521,1)
(49461,1)
(86781,1)
(41661,1)
(67221,1)
(15081,1)
(3981,1)
(17961,1)
(90981,1)
(97401,1)
(96741,1)
(88221,1)
(14301,1)
(87741,1)
(30861,1)
(53241,1)
(74181,1)
(26661,1)
(65001,1)
(91641,1)
(38661,1)
(4101,1)
(74061,1)
(34221,1)
(60201,1)
(52041,1)
(29721,1)
(46041,1)
(16401,1)
(36801,1)
(84081,1)
(71181,1)
(18381,1)
(97281,1)
(37581,1)
(2781,1)
(94161,1)
(93741,1)
(44481,1)
(48261,1)
(71721,1)
(85521,1)
(31041,1)
(96801,1)
(34701,1)
(42201,1)
(72441,1)
(56241,1)
(66741,1)
(51981,1)
(44661,1)
(97221,1)
(43521,1)
(21381,1)
(3441,1)
(20121,1)
(89781,1)
(45741,1)
(76101,1)
(9981,1)
(12621,1)
(45321,1)
(96981,1)
(99501,1)
(18321,1)
(44961,1)
(62241,1)
(69021,1)
(75261,1)
(30321,1)
(97461,1)
(21261,1)
(10581,1)
(5061,1)
(8241,1)
(69201,1)
(40161,1)
(88281,1)
(96021,1)
(51201,1)
(71601,1)
(3021,1)
(39501,1)
(27381,1)
(37161,1)
(36021,1)
(39081,1)
(3501,1)
(65841,1)
(88521,1)
(16041,1)
(78981,1)
(98121,1)
(19821,1)
(75861,1)
(65241,1)
(66441,1)
(80661,1)
(55521,1)
(47301,1)
(93921,1)
(4881,1)
(85341,1)
(94041,1)
(55581,1)
(85761,1)
(2001,1)
(10461,1)
(65061,1)
(82941,1)
(37701,1)
(38181,1)
(95001,1)
(13401,1)
(22881,1)
(79701,1)
(95301,1)
(66681,1)
(29421,1)
(3261,1)
(62361,1)
(80901,1)
(58941,1)
(25341,1)
(46881,1)
(86421,1)
(94401,1)
(66201,1)
(84861,1)
(20661,1)
(24681,1)
(39981,1)
(11781,1)
(38601,1)
(40101,1)
(62901,1)
(2241,1)
(47601,1)
(95421,1)
(97941,1)
(70581,1)
(921,1)
(6381,1)
(60981,1)
(23061,1)
(3801,1)
(51321,1)
(88941,1)
(24381,1)
(57021,1)
(57981,1)
(31941,1)
(25821,1)
(48441,1)
(4701,1)
(84201,1)
(30381,1)
(77181,1)
(2181,1)
(55821,1)
(53481,1)
(23901,1)
(75381,1)
(59001,1)
(25221,1)
(18561,1)
(82701,1)
(94221,1)
(96681,1)
(34101,1)
(37101,1)
(48681,1)
(45381,1)
(5841,1)
(76221,1)
(31461,1)
(78381,1)
(48201,1)
(38241,1)
(74601,1)
(12921,1)
(83961,1)
(96621,1)
(39561,1)
(84561,1)
(90501,1)
(8661,1)
(21141,1)
(84681,1)
(14121,1)
(94521,1)
(24261,1)
(84381,1)
(39921,1)
(681,1)
(93621,1)
(46281,1)
(9621,1)
(12201,1)
(72981,1)
(27561,1)
(61281,1)
(50121,1)
(25101,1)
(38541,1)
(71661,1)
(22761,1)
(46641,1)
(55401,1)
(8001,1)
(63201,1)
(49641,1)
(85401,1)
(15861,1)
(69261,1)
(12081,1)
(63861,1)
(57621,1)
(37401,1)
(31821,1)
(75441,1)
(88101,1)
(28581,1)
(34881,1)
(65541,1)
(63381,1)
(80301,1)
(9501,1)
(34641,1)
(48021,1)
(91821,1)
(80241,1)
(58581,1)
(30681,1)
(49041,1)
(78321,1)
(87261,1)
(25881,1)
(32421,1)
(10341,1)
(81021,1)
(87861,1)
(11661,1)
(42741,1)
(89661,1)
(28701,1)
(3081,1)
(5541,1)
(71841,1)
(38841,1)
(36681,1)
(10641,1)
(88641,1)
(57381,1)
(87021,1)
(60141,1)
(96201,1)
(75621,1)
(84921,1)
(7341,1)
(46341,1)
(28161,1)
(41781,1)
(90021,1)
(91701,1)
(13101,1)
(76401,1)
(33381,1)
(28221,1)
(99741,1)
(7941,1)
(79881,1)
(77001,1)
(16641,1)
(43881,1)
(94281,1)
(91581,1)
(21561,1)
(26721,1)
(36501,1)
(15801,1)
(72561,1)
(84501,1)
(7401,1)
(38961,1)
(56301,1)
(31641,1)
(63921,1)
(63321,1)
(15501,1)
(8481,1)
(49581,1)
(49761,1)
(261,1)
(86121,1)
(95061,1)
(51741,1)
(32061,1)
(13581,1)
(57921,1)
(61041,1)
(54921,1)
(73341,1)
(75501,1)
(68661,1)
(81141,1)
(89181,1)
(13521,1)
(21741,1)
(97521,1)
(51441,1)
(28461,1)
(29121,1)
(41961,1)
(73641,1)
(4761,1)
(19041,1)
(34461,1)
(40821,1)
(73221,1)
(15021,1)
(31101,1)
(17361,1)
(74001,1)
(69681,1)
(56181,1)
(98481,1)
(6801,1)
(20481,1)
(64521,1)
(3681,1)
(60801,1)
(83121,1)
(63081,1)
(59841,1)
(1041,1)
(32901,1)
(85881,1)
(55341,1)
(36201,1)
(62541,1)
(85581,1)
(8421,1)
(10161,1)
(99861,1)
(18261,1)
(71301,1)
(46521,1)
(14721,1)
(74781,1)
(22401,1)
(34401,1)
(94941,1)
(63021,1)
(58041,1)
(32961,1)
(48321,1)
(78741,1)
(1761,1)
(53001,1)
(22821,1)
(98961,1)
(40761,1)
(51681,1)
(51921,1)
(64821,1)
(41361,1)
(5301,1)
(62841,1)
(3621,1)
(17541,1)
(86181,1)
(49521,1)
(38121,1)
(15381,1)
(42801,1)
(17601,1)
(71001,1)
(23541,1)
(4281,1)
(45801,1)
(47901,1)
(76161,1)
(52881,1)
(47241,1)
(34581,1)
(10221,1)
(85701,1)
(91281,1)
(98901,1)
(88761,1)
(60321,1)
(5001,1)
(12561,1)
(99921,1)
(21,1)
(321,1)
(63561,1)
(6741,1)
(91761,1)
(75801,1)
(16341,1)
(17661,1)
(57801,1)
(40401,1)
(30921,1)
(50001,1)
(83901,1)
(48081,1)
(79941,1)
(87921,1)
(83721,1)
(68721,1)
(69921,1)
(98301,1)
(53781,1)
(4221,1)
(51021,1)
(80781,1)
(41601,1)
(52941,1)
(15141,1)
(72861,1)
(35001,1)
(92541,1)
(6501,1)
(5481,1)
(40281,1)
(70281,1)
(33561,1)
(56061,1)
(27681,1)
(36321,1)
(98661,1)
(56721,1)
(62121,1)
(40641,1)
(6921,1)
(56901,1)
(71541,1)
(80001,1)
(71481,1)
(86001,1)
(17481,1)
(42621,1)
(71421,1)
(79761,1)
(27321,1)
(43641,1)
(47181,1)
(24921,1)
(99681,1)
(51861,1)
(82401,1)
(29001,1)
(71901,1)
(77121,1)
(23721,1)
(501,1)
(37341,1)
(86961,1)
(64341,1)
(87201,1)
(70821,1)
(16941,1)
(6561,1)
(88401,1)
(35901,1)
(16281,1)
(21201,1)
(22101,1)
(54981,1)
(6981,1)
(18921,1)
(8061,1)
(64581,1)
(3201,1)
(30561,1)
(12981,1)
(66141,1)
(90081,1)
(37041,1)
(59241,1)
(76761,1)
(47121,1)
(13161,1)
(15321,1)
(38781,1)
(83001,1)
(36981,1)
(87681,1)
(54381,1)
(53841,1)
(70041,1)
(87501,1)
(59661,1)
(22281,1)
(24021,1)
(91401,1)
(93261,1)
(34161,1)
(30801,1)
(80121,1)
(7701,1)
(77061,1)
(93561,1)
(29481,1)
(64941,1)
(97101,1)
(41481,1)
(76341,1)
(59781,1)
(77361,1)
(7101,1)
(1221,1)
(52281,1)
(93021,1)
(33861,1)
(87981,1)
(52821,1)
(58161,1)
(65361,1)
(19161,1)
(65781,1)
(38481,1)
(77601,1)
(94461,1)
(43761,1)
(18801,1)
(97701,1)
(57321,1)
(16461,1)
(82581,1)
(14061,1)
(98181,1)
(8721,1)
(32841,1)
(74301,1)
(48141,1)
(50901,1)
(82821,1)
(94341,1)
(56541,1)
(92001,1)
(52641,1)
(67581,1)
(92841,1)
(28281,1)
(98601,1)
(92781,1)
(49101,1)
(92661,1)
(82221,1)
(8361,1)
(12801,1)
(34941,1)
(95361,1)
(76461,1)
(32541,1)
(95961,1)
(57561,1)
(21861,1)
(33921,1)
(58281,1)
(83241,1)
(1581,1)
(7641,1)
(64221,1)
(73041,1)
(15741,1)
(64041,1)
(61521,1)
(91101,1)
(56421,1)
(18621,1)
(53181,1)
(17301,1)
(53061,1)
(76701,1)
(89481,1)
(18501,1)
(63981,1)
(25941,1)
(76281,1)
(76881,1)
(42381,1)
(95481,1)
(95181,1)
(10281,1)
(26181,1)
(28521,1)
(7161,1)
(31161,1)
(33441,1)
(39861,1)
(44841,1)
(61401,1)
(91461,1)
(20241,1)
(20361,1)
(72681,1)
(80361,1)
(82521,1)
(11721,1)
(22041,1)
(76521,1)
(8781,1)
(24621,1)
(36921,1)
(41301,1)
(24801,1)
(26121,1)
(14361,1)
(73701,1)
(50481,1)
(6441,1)
(90561,1)
(27441,1)
(45261,1)
(28401,1)
(10821,1)
(29541,1)
(22521,1)
(84621,1)
(45981,1)
(73401,1)
(77421,1)
(12441,1)
(38721,1)
(84321,1)
(24141,1)
(60081,1)
(95841,1)
(72801,1)
(98361,1)
(35361,1)
(22941,1)
(26781,1)
(36621,1)
(67521,1)
(20001,1)
(71781,1)
(48981,1)
(42021,1)
(69741,1)
(25761,1)
(35481,1)
(40041,1)
(1101,1)
(15681,1)
(47841,1)
(60441,1)
(87621,1)
(29301,1)
(33141,1)
(49821,1)
(68781,1)
(93441,1)
(36741,1)
(54081,1)
(60561,1)
(57201,1)
(3381,1)
(75981,1)
(10761,1)
(27501,1)
(52761,1)
(52581,1)
(9261,1)
(20541,1)
(89001,1)
(54021,1)
(27261,1)
(51261,1)
(68901,1)
(79101,1)
(31221,1)
(38361,1)
(44721,1)
(79281,1)
(11181,1)
(22581,1)
(93801,1)
(16521,1)
(80061,1)
(91941,1)
(33201,1)
(92061,1)
(26421,1)
(20421,1)
(95541,1)
(81681,1)
(6081,1)
(70221,1)
(26541,1)
(41841,1)
(55041,1)
(64641,1)
(9381,1)
(55941,1)
(21321,1)
(32301,1)
(11121,1)
(1341,1)
(86721,1)
(53361,1)
(26361,1)
(25401,1)
(54201,1)
(1281,1)
(99561,1)
(72261,1)
(1461,1)
(94701,1)
(33801,1)
(36081,1)
(91881,1)
(39321,1)
(8541,1)
(96861,1)
(99441,1)
(6201,1)
(62781,1)
(55281,1)
(76641,1)
(93381,1)
(99141,1)
(37221,1)
(75561,1)
(65181,1)
(61821,1)
(75021,1)
(54501,1)
(90801,1)
(46761,1)
(74721,1)
(34341,1)
(44541,1)
(54321,1)
(13761,1)
(95781,1)
(49941,1)
(69381,1)
(39741,1)
(78621,1)
(47781,1)
(70881,1)
(38901,1)
(5361,1)
(17181,1)
(38421,1)
(21441,1)
(32721,1)
(47001,1)
(18741,1)
(88461,1)
(61881,1)
(42261,1)
(82641,1)
(7821,1)
(21081,1)
(66981,1)
(56361,1)
(41181,1)
(25461,1)
(78141,1)
(4581,1)
(81441,1)
(50841,1)
(39381,1)
(20961,1)
(67941,1)
(20181,1)
(10401,1)
(7761,1)
(14421,1)
(78501,1)
(74481,1)
(43461,1)
(73521,1)
(27621,1)
(45021,1)
(42861,1)
(67101,1)
(80421,1)
(88701,1)
(45861,1)
(97821,1)
(89421,1)
(89961,1)
(14181,1)
(16581,1)
(18141,1)
(36261,1)
(48741,1)
(72921,1)
(79161,1)
(62601,1)
(201,1)
(91341,1)
(95121,1)
(81561,1)
(70341,1)
(67281,1)
(54681,1)
(58461,1)
(61701,1)
(24861,1)
(36441,1)
(12681,1)
(37821,1)
(24441,1)
(52161,1)
(92601,1)
(96381,1)
(59061,1)
(62721,1)
(79401,1)
(26841,1)
(56481,1)
(84741,1)
(98541,1)
(93981,1)
(74901,1)
(58881,1)
(17781,1)
(82041,1)
(69801,1)
(621,1)
(60621,1)
(58221,1)
(23961,1)
(59901,1)
(90381,1)
(33981,1)
(54561,1)
(73461,1)
(46221,1)
(2061,1)
(95601,1)
(381,1)
(53301,1)
(81,1)
(51801,1)
(27741,1)
(84141,1)
(26961,1)
(20841,1)
(88161,1)
(53601,1)
(50601,1)
(64281,1)
(60861,1)
(10881,1)
(86601,1)
(48621,1)
(3741,1)
(45081,1)
(55221,1)
(44181,1)
(19101,1)
(50301,1)
(2421,1)
(43281,1)
(76941,1)
(97581,1)
(94641,1)
(35841,1)
(64161,1)
(61761,1)
(70401,1)
(87141,1)
(9021,1)
(35121,1)
(85101,1)
(60381,1)
(14541,1)
(9861,1)
(54261,1)
(46941,1)
(36561,1)
(33021,1)
(8181,1)
(3861,1)
(18021,1)
(64401,1)
(78201,1)
(75201,1)
(50421,1)
(84021,1)
(75921,1)
(67461,1)
(21981,1)
(46461,1)
(4041,1)
(30741,1)
(5661,1)
(67761,1)
(52221,1)
(35721,1)
(21681,1)
(28101,1)
(43341,1)
(80721,1)
(91161,1)
(51501,1)
(91221,1)
(44781,1)
(35061,1)
(92721,1)
(16221,1)
(6681,1)
(74661,1)
(11601,1)
(99081,1)
(19221,1)
(73161,1)
(74841,1)
(11001,1)
(43821,1)
(78861,1)
(83601,1)
(78261,1)
(47421,1)
(46401,1)
(43701,1)
(40521,1)
(61341,1)
(68841,1)
(561,1)
(86301,1)
(96921,1)
(23121,1)
(17421,1)
(79041,1)
(42441,1)
(56001,1)
(58821,1)
(87321,1)
(13041,1)
(65661,1)
(51381,1)
(88341,1)
(25521,1)
(28641,1)
(70521,1)
(78081,1)
(12141,1)
(63261,1)
(33741,1)
(14601,1)
(54141,1)
(32481,1)
(77241,1)
(35661,1)
(21021,1)
(57681,1)
(91521,1)
(32241,1)
(49161,1)
(7881,1)
(49701,1)
(89061,1)
(13221,1)
(64701,1)
(20301,1)
(45621,1)
(72081,1)
(81201,1)
(10521,1)
(94881,1)
(10101,1)
(96501,1)
(43161,1)
(81981,1)
(81381,1)
(43401,1)
(3561,1)
(49401,1)
(50181,1)
(69981,1)
(62421,1)
(66021,1)
(67161,1)
(74241,1)
(7221,1)
(24981,1)
(80181,1)
(73281,1)
(83781,1)
(88581,1)
(97341,1)
(14841,1)
(25281,1)
(31401,1)
(98841,1)
(56121,1)
(9141,1)
(97641,1)
(16161,1)
(42081,1)
(26301,1)
(90621,1)
(65481,1)
(53421,1)
(41061,1)
(14781,1)
(74361,1)
(9441,1)
(50241,1)
(43101,1)
(27201,1)
(78681,1)
(10941,1)
(33681,1)
(42681,1)
(47361,1)
(99381,1)
(58701,1)
(57141,1)
(11841,1)
(23781,1)
(39621,1)
(5121,1)
(28041,1)
(38301,1)
(4941,1)
(1881,1)
(72501,1)
(90321,1)
(17001,1)
(91041,1)
(65421,1)
(73101,1)
(85641,1)
(51081,1)
(69621,1)
(66921,1)
(88041,1)
(6021,1)
(74121,1)
(94821,1)
(16101,1)
(60501,1)
(93681,1)
(2601,1)
(93501,1)
(54441,1)
(85041,1)
(47961,1)
(45561,1)
(68541,1)
(32121,1)
(47481,1)
(57441,1)
(49221,1)
(59181,1)
(69441,1)
(78021,1)
(5901,1)
(89121,1)
(89241,1)
(76581,1)
(73881,1)
(28341,1)
(86061,1)
(18981,1)
(44361,1)
(21921,1)
(11541,1)
(37281,1)
(44121,1)
(38061,1)
(97761,1)
(92481,1)
(35301,1)
(95721,1)
(88881,1)
(15261,1)
(43581,1)
(44241,1)
(83361,1)
(95661,1)
(74961,1)
(80601,1)
(36141,1)
(57081,1)
(18081,1)
(65901,1)
(99801,1)
(66501,1)
(14481,1)
(99621,1)
(1161,1)
(1941,1)
(63141,1)
(29661,1)
(33081,1)
(58401,1)
(40581,1)
(42561,1)
(30621,1)
(141,1)
(30261,1)
(81501,1)
(16881,1)
(20781,1)
(31341,1)
(1401,1)
(55701,1)
(22641,1)
(23001,1)
(51561,1)
(68061,1)
(34761,1)
(37641,1)
(63441,1)
(43941,1)
(81261,1)
(50361,1)
(25701,1)
(64881,1)
(70461,1)
(57861,1)
(44601,1)
(23301,1)
(71121,1)
(8961,1)
(19461,1)
(30021,1)
(61461,1)
(68421,1)
(61941,1)
(28941,1)
(49341,1)
(77721,1)
(40461,1)
(57741,1)
(15561,1)
(9321,1)
(87381,1)
(93141,1)
(86361,1)
(22221,1)
(39261,1)
(4461,1)
(21621,1)
(37521,1)
(32781,1)
(41901,1)
(6141,1)
(25641,1)
(94761,1)
(60261,1)
(75741,1)
(83481,1)
(85161,1)
(12741,1)
(90201,1)
(77661,1)
(37461,1)
(84801,1)
(36381,1)
(59121,1)
(35241,1)
(69081,1)
(10041,1)
(8301,1)
(23241,1)
(17121,1)
(31761,1)
(67041,1)
(57261,1)
(59601,1)
(24081,1)
(33321,1)
(65121,1)
(2841,1)
(66081,1)
(10701,1)
(90681,1)
(13641,1)
(55161,1)
(12861,1)
(39681,1)
(62661,1)
(26061,1)
(70701,1)
(15441,1)
(47661,1)
(8601,1)
(89601,1)
(43221,1)
(44901,1)
(62061,1)
(31281,1)
(31581,1)
(90441,1)
(9801,1)
(39801,1)
(83841,1)
(84261,1)
(3141,1)
(86481,1)
(59961,1)
(15621,1)
