(84060,1)
(97260,1)
(57720,1)
(52680,1)
(12120,1)
(50580,1)
(57840,1)
(20160,1)
(23580,1)
(7020,1)
(69720,1)
(74040,1)
(43140,1)
(24360,1)
(71340,1)
(83100,1)
(15120,1)
(57360,1)
(79680,1)
(19800,1)
(12540,1)
(4260,1)
(21780,1)
(65340,1)
(92100,1)
(69060,1)
(48840,1)
(69780,1)
(27180,1)
(47940,1)
(50940,1)
(61320,1)
(64320,1)
(90240,1)
(72060,1)
(49800,1)
(6840,1)
(1500,1)
(67200,1)
(81360,1)
(22440,1)
(12420,1)
(68520,1)
(93900,1)
(8520,1)
(73740,1)
(79560,1)
(62460,1)
(91500,1)
(96240,1)
(98160,1)
(45420,1)
(79140,1)
(11640,1)
(66840,1)
(79440,1)
(59820,1)
(96600,1)
(62820,1)
(32460,1)
(21840,1)
(75840,1)
(13080,1)
(76440,1)
(77940,1)
(57300,1)
(76200,1)
(73020,1)
(74520,1)
(64800,1)
(46800,1)
(28320,1)
(60780,1)
(1320,1)
(18000,1)
(44280,1)
(72360,1)
(15360,1)
(17820,1)
(33600,1)
(36840,1)
(76860,1)
(2040,1)
(41940,1)
(86580,1)
(7560,1)
(19200,1)
(85800,1)
(93960,1)
(95160,1)
(21240,1)
(51780,1)
(19920,1)
(1800,1)
(38160,1)
(97140,1)
(65400,1)
(69900,1)
(27120,1)
(26400,1)
(84720,1)
(22200,1)
(72540,1)
(98040,1)
(42720,1)
(47820,1)
(19680,1)
(10560,1)
(25380,1)
(3000,1)
(43800,1)
(51180,1)
(46740,1)
(70860,1)
(6060,1)
(63000,1)
(81780,1)
(49200,1)
(77640,1)
(37500,1)
(3180,1)
(72720,1)
(68880,1)
(36060,1)
(74220,1)
(29640,1)
(67380,1)
(27960,1)
(27480,1)
(58680,1)
(82260,1)
(6180,1)
(49500,1)
(84360,1)
(85860,1)
(8760,1)
(36600,1)
(11820,1)
(89820,1)
(27360,1)
(53880,1)
(30180,1)
(120,1)
(50520,1)
(46380,1)
(23340,1)
(80940,1)
(11160,1)
(54420,1)
(7380,1)
(66960,1)
(33420,1)
(25560,1)
(89520,1)
(39240,1)
(92340,1)
(14640,1)
(78780,1)
(86400,1)
(76560,1)
(68280,1)
(28140,1)
(360,1)
(28560,1)
(24000,1)
(62520,1)
(74760,1)
(93180,1)
(6960,1)
(92520,1)
(75300,1)
(41100,1)
(720,1)
(51900,1)
(73080,1)
(98340,1)
(36900,1)
(92580,1)
(40620,1)
(94140,1)
(88500,1)
(22380,1)
(38940,1)
(62220,1)
(67680,1)
(75000,1)
(32520,1)
(74700,1)
(27780,1)
(71580,1)
(26580,1)
(4020,1)
(42900,1)
(23160,1)
(89880,1)
(44100,1)
(57600,1)
(6480,1)
(27540,1)
(70260,1)
(37620,1)
(98640,1)
(95580,1)
(73800,1)
(96300,1)
(75720,1)
(93780,1)
(42060,1)
(63840,1)
(59880,1)
(44880,1)
(93660,1)
(74100,1)
(56820,1)
(71880,1)
(97800,1)
(5940,1)
(90960,1)
(78240,1)
(25080,1)
(37380,1)
(13260,1)
(17160,1)
(54240,1)
(17400,1)
(21300,1)
(33900,1)
(15960,1)
(26700,1)
(51540,1)
(79620,1)
(98220,1)
(80400,1)
(37440,1)
(55140,1)
(99660,1)
(74820,1)
(62700,1)
(79860,1)
(94800,1)
(2220,1)
(80820,1)
(50640,1)
(58980,1)
(69480,1)
(41340,1)
(16080,1)
(26280,1)
(68580,1)
(68700,1)
(300,1)
(21600,1)
(94620,1)
(54480,1)
(78000,1)
(51480,1)
(3360,1)
(13020,1)
(51660,1)
(68100,1)
(22920,1)
(97920,1)
(38100,1)
(70020,1)
(78120,1)
(92880,1)
(61800,1)
(5100,1)
(10860,1)
(68820,1)
(47400,1)
(20700,1)
(38520,1)
(72900,1)
(15540,1)
(15600,1)
(83820,1)
(72300,1)
(40500,1)
(41820,1)
(85620,1)
(63180,1)
(46200,1)
(37980,1)
(84000,1)
(97320,1)
(88560,1)
(2820,1)
(84480,1)
(6720,1)
(82560,1)
(47100,1)
(28860,1)
(32700,1)
(48540,1)
(13680,1)
(15420,1)
(27900,1)
(47520,1)
(46500,1)
(44520,1)
(34680,1)
(55380,1)
(4740,1)
(51360,1)
(56220,1)
(73560,1)
(47700,1)
(69840,1)
(9780,1)
(81900,1)
(29880,1)
(93480,1)
(80880,1)
(90780,1)
(93120,1)
(47580,1)
(31140,1)
(8580,1)
(66600,1)
(91080,1)
(70080,1)
(29220,1)
(76800,1)
(96900,1)
(58320,1)
(11040,1)
(70140,1)
(96420,1)
(13440,1)
(85140,1)
(39360,1)
(14760,1)
(71760,1)
(9120,1)
(59760,1)
(72120,1)
(26220,1)
(88620,1)
(90300,1)
(51300,1)
(84840,1)
(36300,1)
(92220,1)
(55020,1)
(16680,1)
(92040,1)
(13740,1)
(86160,1)
(27660,1)
(28440,1)
(73680,1)
(58740,1)
(67800,1)
(14880,1)
(60,1)
(59100,1)
(95400,1)
(95220,1)
(61140,1)
(40200,1)
(58440,1)
(13560,1)
(99600,1)
(77040,1)
(8040,1)
(73500,1)
(45240,1)
(72600,1)
(40560,1)
(18300,1)
(36360,1)
(66120,1)
(82200,1)
(85740,1)
(10680,1)
(12480,1)
(35280,1)
(46020,1)
(65640,1)
(78060,1)
(88740,1)
(34200,1)
(96480,1)
(96120,1)
(38040,1)
(60180,1)
(74640,1)
(40980,1)
(82920,1)
(8400,1)
(96180,1)
(10200,1)
(51840,1)
(49380,1)
(14400,1)
(24900,1)
(74340,1)
(64620,1)
(99780,1)
(6660,1)
(8340,1)
(50220,1)
(8460,1)
(95880,1)
(26640,1)
(49440,1)
(88800,1)
(55800,1)
(43860,1)
(69180,1)
(69600,1)
(960,1)
(59400,1)
(61080,1)
(14040,1)
(38820,1)
(58920,1)
(37680,1)
(82680,1)
(1080,1)
(27720,1)
(75600,1)
(18240,1)
(24300,1)
(53220,1)
(16140,1)
(22860,1)
(37200,1)
(35160,1)
(50340,1)
(44760,1)
(69000,1)
(49980,1)
(11940,1)
(55200,1)
(76140,1)
(37020,1)
(48600,1)
(81600,1)
(87000,1)
(95520,1)
(57120,1)
(23100,1)
(69540,1)
(47760,1)
(420,1)
(20580,1)
(68340,1)
(21660,1)
(44340,1)
(92160,1)
(95460,1)
(52620,1)
(48300,1)
(28620,1)
(96660,1)
(31560,1)
(39960,1)
(65040,1)
(59040,1)
(51600,1)
(87780,1)
(27300,1)
(27000,1)
(57180,1)
(23880,1)
(77280,1)
(80160,1)
(67980,1)
(78720,1)
(11580,1)
(46680,1)
(2280,1)
(87180,1)
(80760,1)
(87900,1)
(61440,1)
(52140,1)
(62400,1)
(52260,1)
(47040,1)
(39780,1)
(49320,1)
(92820,1)
(51120,1)
(77100,1)
(67320,1)
(87720,1)
(65880,1)
(55500,1)
(57480,1)
(91800,1)
(12720,1)
(81960,1)
(36420,1)
(64260,1)
(10140,1)
(16200,1)
(32220,1)
(31800,1)
(99180,1)
(12900,1)
(24600,1)
(99420,1)
(35820,1)
(17580,1)
(72840,1)
(50460,1)
(8100,1)
(41280,1)
(600,1)
(76980,1)
(95340,1)
(78900,1)
(93600,1)
(80220,1)
(87120,1)
(61500,1)
(70680,1)
(85560,1)
(91620,1)
(4860,1)
(29580,1)
(20640,1)
(34440,1)
(2760,1)
(3900,1)
(76380,1)
(11340,1)
(72480,1)
(1920,1)
(68160,1)
(84600,1)
(18600,1)
(52980,1)
(41460,1)
(71820,1)
(53460,1)
(52500,1)
(20820,1)
(50400,1)
(71400,1)
(41640,1)
(19620,1)
(28740,1)
(81180,1)
(46320,1)
(13500,1)
(64860,1)
(14520,1)
(4320,1)
(9960,1)
(95040,1)
(60900,1)
(14580,1)
(61680,1)
(57060,1)
(91380,1)
(12840,1)
(34740,1)
(82800,1)
(15060,1)
(2640,1)
(81120,1)
(53580,1)
(34620,1)
(17700,1)
(47880,1)
(9360,1)
(84180,1)
(56400,1)
(14280,1)
(7260,1)
(40020,1)
(45120,1)
(42960,1)
(56940,1)
(55260,1)
(11400,1)
(19380,1)
(32580,1)
(7320,1)
(55080,1)
(44460,1)
(98520,1)
(240,1)
(23400,1)
(93720,1)
(71700,1)
(91740,1)
(13800,1)
(65700,1)
(70200,1)
(69960,1)
(64500,1)
(67920,1)
(91020,1)
(70620,1)
(34560,1)
(2340,1)
(87300,1)
(38460,1)
(76320,1)
(30300,1)
(64200,1)
(51420,1)
(94380,1)
(33840,1)
(27600,1)
(42840,1)
(34320,1)
(94200,1)
(73920,1)
(63060,1)
(26520,1)
(26100,1)
(89580,1)
(96000,1)
(88260,1)
(53040,1)
(38640,1)
(85440,1)
(17460,1)
(43920,1)
(20760,1)
(30960,1)
(1860,1)
(38280,1)
(94440,1)
(13320,1)
(15240,1)
(11880,1)
(45480,1)
(1980,1)
(69360,1)
(71040,1)
(78840,1)
(39120,1)
(52920,1)
(50280,1)
(61980,1)
(41220,1)
(14100,1)
(19320,1)
(16740,1)
(60960,1)
(17340,1)
(6540,1)
(40680,1)
(22500,1)
(46440,1)
(65580,1)
(9540,1)
(2580,1)
(99300,1)
(64980,1)
(60240,1)
(4500,1)
(37260,1)
(38400,1)
(40860,1)
(35880,1)
(23040,1)
(5580,1)
(33300,1)
(42540,1)
(4380,1)
(39000,1)
(44640,1)
(72780,1)
(86040,1)
(49080,1)
(71160,1)
(73200,1)
(28080,1)
(22260,1)
(9480,1)
(14460,1)
(68220,1)
(78180,1)
(60300,1)
(65100,1)
(89940,1)
(45000,1)
(49140,1)
(2460,1)
(54600,1)
(90660,1)
(89100,1)
(62880,1)
(61740,1)
(94740,1)
(3300,1)
(15900,1)
(26760,1)
(99900,1)
(30780,1)
(56100,1)
(78960,1)
(4560,1)
(67560,1)
(37860,1)
(74160,1)
(40260,1)
(33960,1)
(9000,1)
(62160,1)
(65160,1)
(33660,1)
(18660,1)
(48420,1)
(11520,1)
(72180,1)
(24660,1)
(92280,1)
(37800,1)
(27060,1)
(59460,1)
(66540,1)
(77400,1)
(19140,1)
(75960,1)
(39600,1)
(21540,1)
(24240,1)
(48000,1)
(50700,1)
(95820,1)
(56040,1)
(97380,1)
(22020,1)
(94260,1)
(60840,1)
(1140,1)
(95940,1)
(1380,1)
(78540,1)
(31080,1)
(77340,1)
(32160,1)
(81060,1)
(54000,1)
(79260,1)
(33120,1)
(2520,1)
(5280,1)
(64680,1)
(42180,1)
(46860,1)
(62280,1)
(29400,1)
(31740,1)
(47220,1)
(36120,1)
(28800,1)
(42120,1)
(90000,1)
(22800,1)
(16440,1)
(35100,1)
(9420,1)
(50040,1)
(60000,1)
(6000,1)
(66900,1)
(60420,1)
(31920,1)
(98400,1)
(88380,1)
(88020,1)
(8700,1)
(16980,1)
(49560,1)
(91560,1)
(92760,1)
(54360,1)
(68760,1)
(80040,1)
(56520,1)
(60480,1)
(33360,1)
(42000,1)
(89220,1)
(84240,1)
(75120,1)
(97740,1)
(12240,1)
(52200,1)
(79020,1)
(63720,1)
(48660,1)
(32760,1)
(30360,1)
(60360,1)
(30720,1)
(24780,1)
(42240,1)
(96360,1)
(82140,1)
(25440,1)
(66180,1)
(9060,1)
(27240,1)
(50760,1)
(42660,1)
(58200,1)
(53700,1)
(32640,1)
(54180,1)
(63780,1)
(10920,1)
(55980,1)
(31680,1)
(5460,1)
(86820,1)
(97560,1)
(69420,1)
(77760,1)
(89280,1)
(94980,1)
(92700,1)
(47460,1)
(12180,1)
(3240,1)
(58140,1)
(99060,1)
(29940,1)
(33240,1)
(14220,1)
(48180,1)
(98880,1)
(24180,1)
(26880,1)
(70320,1)
(81540,1)
(70740,1)
(92640,1)
(82980,1)
(82740,1)
(76620,1)
(31620,1)
(33780,1)
(60720,1)
(18720,1)
(20880,1)
(12300,1)
(59160,1)
(93000,1)
(13980,1)
(64140,1)
(59940,1)
(85200,1)
(59580,1)
(37920,1)
(43440,1)
(54780,1)
(16320,1)
(67500,1)
(73620,1)
(76020,1)
(48120,1)
(25620,1)
(37740,1)
(73980,1)
(18180,1)
(41160,1)
(68400,1)
(13920,1)
(19740,1)
(62760,1)
(54660,1)
(83520,1)
(65460,1)
(1020,1)
(97080,1)
(84420,1)
(4920,1)
(84120,1)
(72000,1)
(62640,1)
(81660,1)
(23220,1)
(98280,1)
(85980,1)
(5160,1)
(40380,1)
(10080,1)
(26940,1)
(25920,1)
(81840,1)
(86460,1)
(32940,1)
(91200,1)
(3600,1)
(22680,1)
(14160,1)
(61380,1)
(85080,1)
(48360,1)
(54720,1)
(76680,1)
(35460,1)
(73380,1)
(40080,1)
(92460,1)
(94920,1)
(32820,1)
(45660,1)
(68940,1)
(4440,1)
(8220,1)
(41880,1)
(21900,1)
(30600,1)
(43620,1)
(30000,1)
(66000,1)
(50100,1)
(55740,1)
(19980,1)
(64080,1)
(23700,1)
(18900,1)
(6240,1)
(3060,1)
(1680,1)
(30120,1)
(88140,1)
(24420,1)
(91920,1)
(7860,1)
(52080,1)
(97020,1)
(80640,1)
(58380,1)
(29520,1)
(45720,1)
(74460,1)
(28020,1)
(95700,1)
(75360,1)
(87060,1)
(44220,1)
(28680,1)
(57960,1)
(33540,1)
(1200,1)
(83280,1)
(90900,1)
(56340,1)
(87540,1)
(39540,1)
(34080,1)
(71280,1)
(11460,1)
(2700,1)
(13200,1)
(55680,1)
(63480,1)
(35940,1)
(43680,1)
(59520,1)
(74940,1)
(34920,1)
(79740,1)
(49260,1)
(8820,1)
(46980,1)
(85380,1)
(9660,1)
(97500,1)
(11760,1)
(39060,1)
(81240,1)
(14700,1)
(16380,1)
(99720,1)
(65940,1)
(41520,1)
(72240,1)
(78420,1)
(18540,1)
(68040,1)
(63120,1)
(70920,1)
(64440,1)
(95100,1)
(99240,1)
(54060,1)
(52860,1)
(38700,1)
(8160,1)
(86220,1)
(35580,1)
(80340,1)
(69240,1)
(66360,1)
(93300,1)
(44700,1)
(16860,1)
(28260,1)
(76500,1)
(67080,1)
(2880,1)
(82320,1)
(30420,1)
(43200,1)
(1620,1)
(61200,1)
(97440,1)
(92400,1)
(42480,1)
(99120,1)
(28500,1)
(15780,1)
(61620,1)
(54120,1)
(89400,1)
(56580,1)
(10440,1)
(62100,1)
(70500,1)
(77520,1)
(76920,1)
(480,1)
(1740,1)
(48900,1)
(62940,1)
(42600,1)
(8940,1)
(66240,1)
(85680,1)
(60660,1)
(8280,1)
(2160,1)
(53820,1)
(19020,1)
(75660,1)
(67620,1)
(65820,1)
(97980,1)
(6780,1)
(35700,1)
(80580,1)
(15720,1)
(45060,1)
(7200,1)
(94500,1)
(48780,1)
(60600,1)
(75480,1)
(51720,1)
(63900,1)
(85920,1)
(24540,1)
(39900,1)
(30540,1)
(89460,1)
(79980,1)
(63540,1)
(79200,1)
(96840,1)
(32100,1)
(3540,1)
(25500,1)
(80100,1)
(57900,1)
(17520,1)
(32040,1)
(99840,1)
(27420,1)
(39720,1)
(19260,1)
(64560,1)
(34500,1)
(83040,1)
(2100,1)
(44940,1)
(84660,1)
(82020,1)
(58020,1)
(94680,1)
(32400,1)
(46920,1)
(79320,1)
(48240,1)
(84540,1)
(36000,1)
(43380,1)
(43020,1)
(15180,1)
(16500,1)
(78480,1)
(18840,1)
(97680,1)
(98820,1)
(49860,1)
(88320,1)
(23940,1)
(66420,1)
(82620,1)
(25680,1)
(88200,1)
(17280,1)
(32340,1)
(72960,1)
(84780,1)
(28380,1)
(58800,1)
(82500,1)
(58500,1)
(25980,1)
(79500,1)
(3960,1)
(71520,1)
(31380,1)
(51000,1)
(36720,1)
(96060,1)
(38580,1)
(5760,1)
(47160,1)
(31860,1)
(52320,1)
(83160,1)
(95280,1)
(79380,1)
(22980,1)
(81420,1)
(47640,1)
(49020,1)
(40320,1)
(8880,1)
(48060,1)
(56760,1)
(83700,1)
(32880,1)
(45900,1)
(42780,1)
(88980,1)
(86880,1)
(4140,1)
(20460,1)
(36960,1)
(18780,1)
(62580,1)
(30240,1)
(79080,1)
(93360,1)
(75900,1)
(66720,1)
(58260,1)
(83220,1)
(15660,1)
(18420,1)
(26160,1)
(85500,1)
(7740,1)
(7620,1)
(24720,1)
(23460,1)
(19500,1)
(77700,1)
(31440,1)
(93540,1)
(1440,1)
(11220,1)
(54900,1)
(88680,1)
(98100,1)
(18060,1)
(95760,1)
(17760,1)
(96720,1)
(63600,1)
(39300,1)
(86520,1)
(780,1)
(58080,1)
(3720,1)
(50880,1)
(3840,1)
(71640,1)
(83760,1)
(63960,1)
(60540,1)
(22320,1)
(55920,1)
(13380,1)
(63420,1)
(59700,1)
(66780,1)
(90180,1)
(3120,1)
(89340,1)
(90540,1)
(4980,1)
(94860,1)
(78360,1)
(53340,1)
(88860,1)
(91260,1)
(12660,1)
(58620,1)
(77820,1)
(36660,1)
(97860,1)
(49920,1)
(33000,1)
(34020,1)
(24480,1)
(55620,1)
(93420,1)
(51060,1)
(83940,1)
(34380,1)
(49740,1)
(540,1)
(86280,1)
(73140,1)
(53160,1)
(54300,1)
(10260,1)
(86100,1)
(59220,1)
(46560,1)
(50820,1)
(4800,1)
(88440,1)
(89160,1)
(33480,1)
(79800,1)
(44580,1)
(63300,1)
(10380,1)
(27840,1)
(80700,1)
(19860,1)
(53280,1)
(51960,1)
(36480,1)
(6300,1)
(29760,1)
(64920,1)
(83340,1)
(31260,1)
(82080,1)
(12360,1)
(38760,1)
(1260,1)
(14340,1)
(74880,1)
(4680,1)
(180,1)
(57540,1)
(6360,1)
(36780,1)
(81480,1)
(90720,1)
(57000,1)
(19080,1)
(42420,1)
(68640,1)
(36240,1)
(83400,1)
(22560,1)
(11100,1)
(84960,1)
(10320,1)
(30480,1)
(64020,1)
(75240,1)
(13860,1)
(93840,1)
(45840,1)
(3480,1)
(39480,1)
(60060,1)
(70440,1)
(82860,1)
(90420,1)
(21060,1)
(39660,1)
(26820,1)
(43320,1)
(91860,1)
(24060,1)
(77580,1)
(71100,1)
(75420,1)
(3420,1)
(63240,1)
(25740,1)
(29460,1)
(61860,1)
(87360,1)
(52560,1)
(57420,1)
(37080,1)
(5640,1)
(57660,1)
(57780,1)
(71940,1)
(15840,1)
(15000,1)
(62340,1)
(53520,1)
(61020,1)
(35220,1)
(98940,1)
(81300,1)
(59640,1)
(99960,1)
(45180,1)
(91140,1)
(43980,1)
(80280,1)
(35400,1)
(82380,1)
(80520,1)
(43560,1)
(52740,1)
(74280,1)
(9720,1)
(45540,1)
(45600,1)
(16260,1)
(81720,1)
(12000,1)
(76740,1)
(83580,1)
(86940,1)
(23520,1)
(83880,1)
(21180,1)
(28920,1)
(35040,1)
(87480,1)
(73440,1)
(17640,1)
(23280,1)
(44160,1)
(89760,1)
(49680,1)
(39420,1)
(55860,1)
(67740,1)
(56160,1)
(3780,1)
(6900,1)
(16800,1)
(2940,1)
(26340,1)
(44400,1)
(7980,1)
(7080,1)
(17100,1)
(89700,1)
(56460,1)
(64380,1)
(43740,1)
(5220,1)
(26040,1)
(25860,1)
(67140,1)
(61920,1)
(96960,1)
(85020,1)
(51240,1)
(4080,1)
(44040,1)
(24840,1)
(40920,1)
(71460,1)
(25800,1)
(20280,1)
(90840,1)
(69660,1)
(89640,1)
(8640,1)
(37560,1)
(47280,1)
(66060,1)
(69120,1)
(25020,1)
(33180,1)
(65280,1)
(9600,1)
(89040,1)
(5400,1)
(45300,1)
(78660,1)
(9240,1)
(72660,1)
(5700,1)
(65220,1)
(55560,1)
(39840,1)
(6600,1)
(92940,1)
(79920,1)
(7680,1)
(91680,1)
(93060,1)
(25140,1)
(9300,1)
(99480,1)
(20400,1)
(53640,1)
(56280,1)
(63660,1)
(87420,1)
(10800,1)
(40140,1)
(25260,1)
(21360,1)
(29280,1)
(45360,1)
(6120,1)
(21960,1)
(840,1)
(22620,1)
(34980,1)
(87660,1)
(40740,1)
(62040,1)
(73260,1)
(18360,1)
(10020,1)
(12600,1)
(55440,1)
(78300,1)
(74400,1)
(56640,1)
(61260,1)
(83640,1)
(77880,1)
(66660,1)
(23640,1)
(19560,1)
(45960,1)
(54540,1)
(56700,1)
(97200,1)
(28200,1)
(660,1)
(12780,1)
(13140,1)
(15300,1)
(53760,1)
(98580,1)
(76260,1)
(84900,1)
(31200,1)
(43080,1)
(38880,1)
(25200,1)
(73860,1)
(95640,1)
(7500,1)
(900,1)
(11700,1)
(86340,1)
(41760,1)
(43500,1)
(91440,1)
(98700,1)
(52380,1)
(1560,1)
(13620,1)
(23820,1)
(94020,1)
(67020,1)
(91320,1)
(20940,1)
(19440,1)
(50160,1)
(10620,1)
(99540,1)
(14820,1)
(58560,1)
(94080,1)
(97620,1)
(10740,1)
(35340,1)
(30840,1)
(38340,1)
(93240,1)
(16020,1)
(41040,1)
(52800,1)
(81000,1)
(88080,1)
(31320,1)
(20220,1)
(18960,1)
(80460,1)
(48480,1)
(24120,1)
(17040,1)
(41400,1)
(41580,1)
(59280,1)
(99360,1)
(30060,1)
(20040,1)
(96540,1)
(38220,1)
(77160,1)
(45780,1)
(34140,1)
(5520,1)
(14940,1)
(29160,1)
(77460,1)
(22080,1)
(12060,1)
(40440,1)
(5880,1)
(7140,1)
(29040,1)
(72420,1)
(6420,1)
(66300,1)
(74580,1)
(36180,1)
(68460,1)
(82440,1)
(88920,1)
(16920,1)
(21720,1)
(65760,1)
(75060,1)
(21420,1)
(30660,1)
(46620,1)
(65520,1)
(85260,1)
(39180,1)
(75540,1)
(84300,1)
(24960,1)
(90480,1)
(52440,1)
(21000,1)
(85320,1)
(61560,1)
(70800,1)
(87240,1)
(5040,1)
(44820,1)
(70380,1)
(29100,1)
(20100,1)
(49620,1)
(29820,1)
(34800,1)
(42300,1)
(99000,1)
(4200,1)
(53940,1)
(35520,1)
(48960,1)
(90120,1)
(94560,1)
(9840,1)
(32280,1)
(91980,1)
(87600,1)
(11280,1)
(47340,1)
(9180,1)
(86640,1)
(40800,1)
(33060,1)
(10500,1)
(70980,1)
(75180,1)
(77220,1)
(90360,1)
(33720,1)
(30900,1)
(9900,1)
(37320,1)
(4620,1)
(41700,1)
(90600,1)
(98760,1)
(52020,1)
(58860,1)
(31020,1)
(29340,1)
(83460,1)
(18120,1)
(21480,1)
(67860,1)
(87960,1)
(56880,1)
(31980,1)
(78600,1)
(28980,1)
(21120,1)
(75780,1)
(22740,1)
(57240,1)
(60120,1)
(29700,1)
(43260,1)
(98460,1)
(53400,1)
(59340,1)
(2400,1)
(67260,1)
(86760,1)
(31500,1)
(55320,1)
(23760,1)
(34260,1)
(66480,1)
(20340,1)
(70560,1)
(71220,1)
(76080,1)
(96780,1)
(86700,1)
(26460,1)
(64740,1)
(54960,1)
(3660,1)
(42360,1)
(54840,1)
(22140,1)
(20520,1)
(34860,1)
(7920,1)
(7440,1)
(53100,1)
(46140,1)
(48720,1)
(7800,1)
(67440,1)
(17220,1)
(36540,1)
(46080,1)
(69300,1)
(5820,1)
(10980,1)
(35640,1)
(12960,1)
(17940,1)
(18480,1)
(25320,1)
(90060,1)
(16620,1)
(16560,1)
(17880,1)
(37140,1)
(5340,1)
(63360,1)
(94320,1)
(35760,1)
(15480,1)
(73320,1)
(87840,1)
(46260,1)
