(49120,1)
(54040,1)
(76360,1)
(6400,1)
(81100,1)
(10780,1)
(17080,1)
(84400,1)
(59200,1)
(80620,1)
(11440,1)
(45160,1)
(4780,1)
(22300,1)
(64960,1)
(30580,1)
(83440,1)
(94540,1)
(58240,1)
(66700,1)
(21160,1)
(160,1)
(51700,1)
(1780,1)
(75280,1)
(60100,1)
(44200,1)
(75940,1)
(460,1)
(6940,1)
(77020,1)
(98980,1)
(19480,1)
(9100,1)
(93760,1)
(15820,1)
(94780,1)
(70000,1)
(12280,1)
(63100,1)
(55780,1)
(30400,1)
(82060,1)
(83620,1)
(52240,1)
(89020,1)
(14860,1)
(65980,1)
(77200,1)
(79360,1)
(16420,1)
(38920,1)
(30820,1)
(24460,1)
(85900,1)
(73120,1)
(83740,1)
(15040,1)
(90760,1)
(50560,1)
(95080,1)
(11680,1)
(95740,1)
(15220,1)
(42580,1)
(41860,1)
(44140,1)
(23560,1)
(80380,1)
(43240,1)
(92860,1)
(99340,1)
(10720,1)
(45220,1)
(3700,1)
(75520,1)
(79120,1)
(76660,1)
(88600,1)
(6760,1)
(98560,1)
(21220,1)
(84340,1)
(97660,1)
(3520,1)
(5920,1)
(35080,1)
(93160,1)
(82540,1)
(13960,1)
(3880,1)
(34120,1)
(86320,1)
(1300,1)
(25720,1)
(44020,1)
(67480,1)
(46420,1)
(10660,1)
(42940,1)
(86920,1)
(37600,1)
(62260,1)
(60280,1)
(58420,1)
(67900,1)
(73240,1)
(18640,1)
(36700,1)
(54220,1)
(21940,1)
(79720,1)
(2200,1)
(10540,1)
(51400,1)
(69940,1)
(55300,1)
(12520,1)
(51280,1)
(14920,1)
(68680,1)
(25180,1)
(41680,1)
(66280,1)
(11620,1)
(8740,1)
(2080,1)
(31120,1)
(75220,1)
(84520,1)
(38080,1)
(40060,1)
(92020,1)
(17320,1)
(67180,1)
(77740,1)
(93400,1)
(28360,1)
(17380,1)
(64120,1)
(82120,1)
(15400,1)
(65380,1)
(98680,1)
(90400,1)
(91120,1)
(4900,1)
(64720,1)
(74260,1)
(27100,1)
(24760,1)
(78400,1)
(6040,1)
(36040,1)
(14020,1)
(26740,1)
(31900,1)
(39700,1)
(51100,1)
(280,1)
(19000,1)
(85780,1)
(54820,1)
(78640,1)
(39100,1)
(4480,1)
(87700,1)
(11140,1)
(7180,1)
(36400,1)
(33340,1)
(5260,1)
(79300,1)
(18520,1)
(14980,1)
(57820,1)
(39040,1)
(78520,1)
(25000,1)
(96460,1)
(56320,1)
(4540,1)
(19420,1)
(40480,1)
(98320,1)
(41380,1)
(5620,1)
(3220,1)
(22660,1)
(74080,1)
(42520,1)
(23080,1)
(25900,1)
(46660,1)
(69100,1)
(33760,1)
(92620,1)
(54880,1)
(92260,1)
(89260,1)
(77920,1)
(91780,1)
(81700,1)
(34540,1)
(72760,1)
(35380,1)
(66400,1)
(21280,1)
(80020,1)
(7900,1)
(26920,1)
(9700,1)
(87520,1)
(100,1)
(48700,1)
(62500,1)
(64540,1)
(37780,1)
(63520,1)
(68440,1)
(80860,1)
(72640,1)
(22600,1)
(41740,1)
(3400,1)
(12460,1)
(28480,1)
(11560,1)
(86020,1)
(10300,1)
(20860,1)
(21700,1)
(38140,1)
(47260,1)
(52420,1)
(71380,1)
(58720,1)
(23320,1)
(4120,1)
(60400,1)
(96700,1)
(89320,1)
(89440,1)
(86080,1)
(75700,1)
(30760,1)
(98080,1)
(41500,1)
(58960,1)
(82420,1)
(71440,1)
(72820,1)
(97900,1)
(99700,1)
(9520,1)
(16780,1)
(77860,1)
(90220,1)
(40360,1)
(10360,1)
(9760,1)
(94600,1)
(80320,1)
(67360,1)
(31420,1)
(48100,1)
(5080,1)
(25540,1)
(22180,1)
(20680,1)
(42760,1)
(23140,1)
(71200,1)
(90640,1)
(14380,1)
(88840,1)
(18280,1)
(43180,1)
(65800,1)
(8260,1)
(32740,1)
(45880,1)
(82720,1)
(19180,1)
(21040,1)
(50980,1)
(7780,1)
(43300,1)
(74440,1)
(87640,1)
(1660,1)
(32680,1)
(34420,1)
(61240,1)
(65440,1)
(87580,1)
(22840,1)
(25780,1)
(55660,1)
(91240,1)
(85840,1)
(82840,1)
(38260,1)
(87880,1)
(97060,1)
(75160,1)
(21640,1)
(47560,1)
(50260,1)
(98140,1)
(12940,1)
(41020,1)
(52480,1)
(84640,1)
(5740,1)
(14620,1)
(17920,1)
(20380,1)
(76060,1)
(26200,1)
(48280,1)
(48640,1)
(79840,1)
(39820,1)
(89920,1)
(63700,1)
(7480,1)
(67060,1)
(67000,1)
(2800,1)
(99820,1)
(61300,1)
(31060,1)
(3760,1)
(3040,1)
(31240,1)
(71920,1)
(50920,1)
(17560,1)
(61180,1)
(66820,1)
(95020,1)
(91720,1)
(15460,1)
(44920,1)
(50200,1)
(79900,1)
(20020,1)
(39280,1)
(6640,1)
(36640,1)
(10240,1)
(38320,1)
(87220,1)
(33100,1)
(63760,1)
(66880,1)
(61420,1)
(36460,1)
(55540,1)
(19660,1)
(41920,1)
(57160,1)
(66220,1)
(34480,1)
(40300,1)
(48580,1)
(31000,1)
(97360,1)
(34840,1)
(48880,1)
(53980,1)
(52900,1)
(94000,1)
(72580,1)
(60820,1)
(40960,1)
(29680,1)
(14500,1)
(96940,1)
(63220,1)
(63460,1)
(83980,1)
(940,1)
(77380,1)
(84880,1)
(16900,1)
(10120,1)
(11800,1)
(52300,1)
(16480,1)
(95260,1)
(31300,1)
(10420,1)
(11980,1)
(13300,1)
(13480,1)
(2860,1)
(700,1)
(40120,1)
(98620,1)
(8860,1)
(16060,1)
(8620,1)
(580,1)
(96220,1)
(49480,1)
(68860,1)
(91480,1)
(13420,1)
(30100,1)
(66520,1)
(72460,1)
(16960,1)
(68200,1)
(27400,1)
(68800,1)
(59020,1)
(1840,1)
(38680,1)
(53620,1)
(7600,1)
(36820,1)
(59080,1)
(86680,1)
(51940,1)
(66760,1)
(97840,1)
(99160,1)
(32860,1)
(78100,1)
(74920,1)
(96040,1)
(4300,1)
(46480,1)
(48220,1)
(73300,1)
(81520,1)
(69820,1)
(68620,1)
(84100,1)
(59920,1)
(57520,1)
(1480,1)
(96400,1)
(82960,1)
(34660,1)
(14680,1)
(31480,1)
(76120,1)
(5680,1)
(7240,1)
(51640,1)
(18340,1)
(63820,1)
(40,1)
(74980,1)
(34960,1)
(47500,1)
(57760,1)
(60520,1)
(26260,1)
(70300,1)
(24640,1)
(21820,1)
(100000,1)
(10900,1)
(10000,1)
(98860,1)
(67300,1)
(15700,1)
(29380,1)
(90040,1)
(91360,1)
(14200,1)
(72700,1)
(18700,1)
(46900,1)
(47020,1)
(91000,1)
(23620,1)
(44980,1)
(1120,1)
(55360,1)
(65680,1)
(19780,1)
(74620,1)
(71980,1)
(75400,1)
(10180,1)
(77980,1)
(55420,1)
(37060,1)
(37660,1)
(53020,1)
(24340,1)
(61540,1)
(73180,1)
(90460,1)
(76540,1)
(80500,1)
(53080,1)
(92500,1)
(16180,1)
(56440,1)
(83800,1)
(1420,1)
(22960,1)
(85060,1)
(820,1)
(4240,1)
(3340,1)
(93460,1)
(86860,1)
(9940,1)
(50140,1)
(3940,1)
(76300,1)
(43900,1)
(81460,1)
(81940,1)
(41140,1)
(50500,1)
(88300,1)
(57340,1)
(34300,1)
(74680,1)
(89860,1)
(33160,1)
(81760,1)
(33940,1)
(81340,1)
(5800,1)
(45700,1)
(52540,1)
(79240,1)
(30040,1)
(11320,1)
(65920,1)
(66460,1)
(85180,1)
(87340,1)
(37480,1)
(47980,1)
(87940,1)
(91600,1)
(42820,1)
(65620,1)
(68980,1)
(38440,1)
(78460,1)
(32560,1)
(35200,1)
(56680,1)
(72220,1)
(51220,1)
(70600,1)
(99760,1)
(82000,1)
(97420,1)
(2320,1)
(83260,1)
(34900,1)
(54460,1)
(62200,1)
(91180,1)
(38740,1)
(63640,1)
(28240,1)
(80980,1)
(13840,1)
(29740,1)
(35020,1)
(53140,1)
(94300,1)
(13060,1)
(47440,1)
(92140,1)
(94120,1)
(49000,1)
(94720,1)
(22000,1)
(56500,1)
(28720,1)
(41080,1)
(88360,1)
(42460,1)
(61840,1)
(20260,1)
(2380,1)
(45940,1)
(62380,1)
(47140,1)
(14440,1)
(30940,1)
(75640,1)
(26320,1)
(18460,1)
(46000,1)
(63160,1)
(28300,1)
(7960,1)
(11200,1)
(96340,1)
(62320,1)
(81640,1)
(28060,1)
(39940,1)
(68140,1)
(26620,1)
(61480,1)
(30880,1)
(39580,1)
(3460,1)
(64420,1)
(35680,1)
(73540,1)
(64840,1)
(46060,1)
(67240,1)
(41560,1)
(92680,1)
(75880,1)
(76840,1)
(29080,1)
(74740,1)
(54760,1)
(83680,1)
(6820,1)
(23920,1)
(22420,1)
(51520,1)
(32020,1)
(46600,1)
(99520,1)
(29920,1)
(64480,1)
(14800,1)
(47920,1)
(23980,1)
(19900,1)
(13360,1)
(58180,1)
(35980,1)
(72940,1)
(89380,1)
(72400,1)
(31360,1)
(33040,1)
(80440,1)
(46840,1)
(36940,1)
(17140,1)
(29260,1)
(80740,1)
(55120,1)
(84040,1)
(59500,1)
(13000,1)
(87280,1)
(27940,1)
(86500,1)
(52780,1)
(62560,1)
(75040,1)
(3820,1)
(79960,1)
(2500,1)
(12820,1)
(31660,1)
(18220,1)
(29440,1)
(20080,1)
(89980,1)
(44260,1)
(16660,1)
(9460,1)
(39340,1)
(87820,1)
(52000,1)
(99040,1)
(4720,1)
(62740,1)
(33700,1)
(50800,1)
(56380,1)
(66940,1)
(16720,1)
(48340,1)
(89680,1)
(70540,1)
(67720,1)
(43720,1)
(47200,1)
(2140,1)
(87760,1)
(61360,1)
(24100,1)
(86200,1)
(58840,1)
(95680,1)
(98800,1)
(78220,1)
(85960,1)
(35620,1)
(57100,1)
(1960,1)
(30520,1)
(33880,1)
(39160,1)
(47740,1)
(52600,1)
(17500,1)
(27160,1)
(55840,1)
(63280,1)
(59260,1)
(90160,1)
(90340,1)
(2920,1)
(66040,1)
(69160,1)
(68500,1)
(80800,1)
(99580,1)
(8200,1)
(46240,1)
(54520,1)
(45520,1)
(46720,1)
(90880,1)
(40600,1)
(49300,1)
(57880,1)
(12220,1)
(84820,1)
(26500,1)
(90700,1)
(51880,1)
(75460,1)
(2680,1)
(21100,1)
(93640,1)
(42040,1)
(70900,1)
(26440,1)
(4660,1)
(29560,1)
(52180,1)
(50320,1)
(68320,1)
(51340,1)
(63580,1)
(98440,1)
(18760,1)
(53740,1)
(63880,1)
(15640,1)
(84220,1)
(91060,1)
(2560,1)
(20740,1)
(1360,1)
(50020,1)
(66580,1)
(20560,1)
(28600,1)
(96880,1)
(17740,1)
(69040,1)
(40840,1)
(76000,1)
(66340,1)
(70120,1)
(40180,1)
(56080,1)
(99940,1)
(61060,1)
(55180,1)
(96520,1)
(60940,1)
(25240,1)
(39640,1)
(52660,1)
(75580,1)
(1180,1)
(47620,1)
(53680,1)
(28960,1)
(94660,1)
(51820,1)
(5560,1)
(22120,1)
(57700,1)
(87040,1)
(31540,1)
(2620,1)
(87160,1)
(32500,1)
(76780,1)
(37420,1)
(31720,1)
(61960,1)
(8560,1)
(13780,1)
(12700,1)
(97720,1)
(83500,1)
(84700,1)
(43120,1)
(95140,1)
(94180,1)
(22720,1)
(48940,1)
(84940,1)
(45580,1)
(88180,1)
(27580,1)
(35860,1)
(81580,1)
(47080,1)
(83920,1)
(1900,1)
(49720,1)
(62080,1)
(42100,1)
(6220,1)
(97240,1)
(51580,1)
(75820,1)
(59860,1)
(37300,1)
(42340,1)
(84760,1)
(10480,1)
(31960,1)
(36760,1)
(27820,1)
(88240,1)
(99460,1)
(95380,1)
(78040,1)
(23440,1)
(88960,1)
(19120,1)
(96580,1)
(97300,1)
(61900,1)
(23500,1)
(40540,1)
(79000,1)
(98260,1)
(24400,1)
(81880,1)
(48520,1)
(86980,1)
(60640,1)
(60040,1)
(83200,1)
(19600,1)
(72040,1)
(25960,1)
(44680,1)
(15340,1)
(70420,1)
(95980,1)
(24160,1)
(49060,1)
(71500,1)
(11260,1)
(70660,1)
(17200,1)
(25480,1)
(32440,1)
(64600,1)
(36160,1)
(85300,1)
(42400,1)
(15580,1)
(67660,1)
(27220,1)
(86800,1)
(68560,1)
(62140,1)
(39460,1)
(30640,1)
(55000,1)
(7060,1)
(74140,1)
(24520,1)
(4060,1)
(38560,1)
(92200,1)
(91900,1)
(97780,1)
(87460,1)
(17860,1)
(25060,1)
(81400,1)
(9640,1)
(93880,1)
(92380,1)
(13660,1)
(38980,1)
(64300,1)
(26800,1)
(43480,1)
(93700,1)
(34720,1)
(42880,1)
(37180,1)
(45340,1)
(69220,1)
(78580,1)
(56200,1)
(78940,1)
(62020,1)
(62800,1)
(62860,1)
(62980,1)
(77620,1)
(22240,1)
(86740,1)
(85600,1)
(49960,1)
(92080,1)
(65260,1)
(51160,1)
(44860,1)
(23200,1)
(18580,1)
(76900,1)
(80560,1)
(41440,1)
(35320,1)
(73060,1)
(6580,1)
(59740,1)
(77680,1)
(20500,1)
(85720,1)
(15760,1)
(90580,1)
(42700,1)
(42640,1)
(13120,1)
(50860,1)
(91960,1)
(83860,1)
(64660,1)
(77260,1)
(66160,1)
(23260,1)
(86560,1)
(28120,1)
(1540,1)
(44740,1)
(81040,1)
(77500,1)
(58300,1)
(67540,1)
(29020,1)
(56920,1)
(73780,1)
(16120,1)
(93820,1)
(85660,1)
(42160,1)
(2980,1)
(35260,1)
(400,1)
(79480,1)
(31180,1)
(23680,1)
(32380,1)
(2020,1)
(25300,1)
(9040,1)
(61660,1)
(94360,1)
(18160,1)
(14320,1)
(30460,1)
(94060,1)
(69580,1)
(79060,1)
(22780,1)
(88060,1)
(88540,1)
(41200,1)
(6340,1)
(40660,1)
(8920,1)
(3280,1)
(70480,1)
(44080,1)
(44620,1)
(4180,1)
(22360,1)
(16840,1)
(62620,1)
(11860,1)
(71320,1)
(9160,1)
(44560,1)
(68740,1)
(73840,1)
(84580,1)
(94900,1)
(85420,1)
(21340,1)
(59980,1)
(38620,1)
(28540,1)
(31840,1)
(41260,1)
(97120,1)
(27520,1)
(7360,1)
(33220,1)
(59380,1)
(31780,1)
(30220,1)
(11020,1)
(26380,1)
(44320,1)
(640,1)
(46120,1)
(65140,1)
(82900,1)
(43540,1)
(58600,1)
(53500,1)
(81280,1)
(43840,1)
(91420,1)
(65320,1)
(8500,1)
(7300,1)
(18940,1)
(36520,1)
(50080,1)
(69880,1)
(84280,1)
(61120,1)
(11920,1)
(35800,1)
(95200,1)
(78820,1)
(71080,1)
(33460,1)
(33820,1)
(30280,1)
(33520,1)
(28660,1)
(7660,1)
(1720,1)
(14260,1)
(97960,1)
(28420,1)
(79420,1)
(76480,1)
(20620,1)
(35560,1)
(39520,1)
(61720,1)
(60700,1)
(12340,1)
(46780,1)
(92560,1)
(60460,1)
(25660,1)
(71260,1)
(40900,1)
(47860,1)
(8440,1)
(61000,1)
(9820,1)
(46960,1)
(63040,1)
(39880,1)
(88780,1)
(5140,1)
(24280,1)
(19540,1)
(28000,1)
(95620,1)
(49660,1)
(12160,1)
(29860,1)
(13720,1)
(60160,1)
(6160,1)
(5200,1)
(74320,1)
(24940,1)
(50440,1)
(6880,1)
(72100,1)
(36880,1)
(98740,1)
(90280,1)
(65560,1)
(28780,1)
(59320,1)
(37000,1)
(1600,1)
(20320,1)
(96160,1)
(84460,1)
(94840,1)
(19960,1)
(41980,1)
(98500,1)
(5860,1)
(95560,1)
(45640,1)
(97600,1)
(22900,1)
(14560,1)
(37840,1)
(48160,1)
(22540,1)
(25600,1)
(69460,1)
(18880,1)
(72280,1)
(98020,1)
(80260,1)
(52060,1)
(12040,1)
(36340,1)
(53380,1)
(22060,1)
(74560,1)
(93220,1)
(83020,1)
(25840,1)
(32140,1)
(38380,1)
(65020,1)
(37720,1)
(49540,1)
(760,1)
(17020,1)
(36280,1)
(15160,1)
(75760,1)
(45820,1)
(65080,1)
(65500,1)
(6100,1)
(5980,1)
(67780,1)
(28840,1)
(20440,1)
(19720,1)
(36100,1)
(55960,1)
(84160,1)
(18820,1)
(35740,1)
(76600,1)
(68920,1)
(73900,1)
(78340,1)
(71860,1)
(26080,1)
(36220,1)
(27760,1)
(99880,1)
(70720,1)
(85540,1)
(41320,1)
(52960,1)
(69400,1)
(97480,1)
(65740,1)
(21880,1)
(74200,1)
(32620,1)
(96280,1)
(93100,1)
(43960,1)
(86440,1)
(76240,1)
(9880,1)
(20140,1)
(44440,1)
(25360,1)
(13600,1)
(46540,1)
(58120,1)
(37120,1)
(60340,1)
(7000,1)
(2740,1)
(12400,1)
(73720,1)
(49780,1)
(21760,1)
(70180,1)
(5020,1)
(34600,1)
(90100,1)
(38860,1)
(220,1)
(47380,1)
(54640,1)
(43600,1)
(46300,1)
(47800,1)
(83140,1)
(95800,1)
(5380,1)
(1240,1)
(52720,1)
(94240,1)
(8680,1)
(21460,1)
(92320,1)
(45280,1)
(53560,1)
(96100,1)
(85000,1)
(53800,1)
(46360,1)
(94420,1)
(59620,1)
(8380,1)
(15880,1)
(49840,1)
(16300,1)
(26680,1)
(49360,1)
(99220,1)
(58060,1)
(32080,1)
(52120,1)
(50380,1)
(40420,1)
(70060,1)
(75100,1)
(14080,1)
(33640,1)
(53320,1)
(72520,1)
(29980,1)
(70840,1)
(85120,1)
(82240,1)
(53200,1)
(88420,1)
(18100,1)
(97180,1)
(42280,1)
(89740,1)
(34060,1)
(2260,1)
(9340,1)
(3580,1)
(24580,1)
(8140,1)
(69340,1)
(55900,1)
(73420,1)
(11500,1)
(86260,1)
(86140,1)
(6520,1)
(39760,1)
(10840,1)
(72340,1)
(74380,1)
(59440,1)
(61780,1)
(97540,1)
(45400,1)
(4960,1)
(24880,1)
(27880,1)
(70240,1)
(520,1)
(98200,1)
(33580,1)
(88900,1)
(57640,1)
(58480,1)
(77800,1)
(1060,1)
(43780,1)
(95440,1)
(78160,1)
(23800,1)
(34180,1)
(81160,1)
(24820,1)
(35440,1)
(66640,1)
(11740,1)
(14740,1)
(67840,1)
(71680,1)
(74800,1)
(80140,1)
(64360,1)
(27700,1)
(27280,1)
(68260,1)
(68020,1)
(15520,1)
(55240,1)
(76720,1)
(95320,1)
(19300,1)
(56560,1)
(35500,1)
(91840,1)
(16540,1)
(32260,1)
(57220,1)
(24700,1)
(54940,1)
(60760,1)
(34780,1)
(10960,1)
(5500,1)
(79600,1)
(64000,1)
(19060,1)
(20200,1)
(69640,1)
(8320,1)
(12760,1)
(29320,1)
(9220,1)
(49240,1)
(32980,1)
(20800,1)
(82660,1)
(7120,1)
(78760,1)
(32920,1)
(91300,1)
(53440,1)
(59560,1)
(82780,1)
(7840,1)
(50620,1)
(56740,1)
(63940,1)
(21580,1)
(83560,1)
(54340,1)
(15100,1)
(69760,1)
(77140,1)
(45460,1)
(32200,1)
(89800,1)
(34000,1)
(27640,1)
(49900,1)
(27040,1)
(88120,1)
(92740,1)
(16240,1)
(62440,1)
(91660,1)
(55720,1)
(82300,1)
(99280,1)
(61600,1)
(99400,1)
(42220,1)
(93340,1)
(29800,1)
(44500,1)
(4420,1)
(10600,1)
(50680,1)
(17440,1)
(67960,1)
(17260,1)
(4840,1)
(45040,1)
(93280,1)
(69700,1)
(56860,1)
(50740,1)
(40000,1)
(17680,1)
(89080,1)
(62920,1)
(77560,1)
(28180,1)
(65200,1)
(41800,1)
(47320,1)
(67420,1)
(71020,1)
(48760,1)
(38800,1)
(56260,1)
(89140,1)
(19240,1)
(45760,1)
(9580,1)
(49180,1)
(70360,1)
(90820,1)
(89560,1)
(64780,1)
(78700,1)
(16000,1)
(32800,1)
(73660,1)
(74020,1)
(31600,1)
(71620,1)
(99640,1)
(16360,1)
(70780,1)
(73600,1)
(62680,1)
(91540,1)
(33280,1)
(58660,1)
(8980,1)
(37240,1)
(66100,1)
(92800,1)
(88720,1)
(7540,1)
(27460,1)
(72160,1)
(93940,1)
(97000,1)
(19360,1)
(16600,1)
(95500,1)
(17980,1)
(76180,1)
(57400,1)
(57040,1)
(4600,1)
(92980,1)
(89500,1)
(81220,1)
(64060,1)
(57940,1)
(24220,1)
(27340,1)
(49420,1)
(58360,1)
(36580,1)
(4360,1)
(51040,1)
(12880,1)
(56140,1)
(85360,1)
(12100,1)
(65860,1)
(55480,1)
(68380,1)
(26140,1)
(55600,1)
(13540,1)
(21400,1)
(70960,1)
(83320,1)
(35140,1)
(58900,1)
(23380,1)
(340,1)
(67120,1)
(54160,1)
(90940,1)
(99100,1)
(38200,1)
(53260,1)
(54400,1)
(7720,1)
(13900,1)
(6460,1)
(57580,1)
(87400,1)
(18400,1)
(41620,1)
(79660,1)
(96640,1)
(20920,1)
(83380,1)
(64180,1)
(88480,1)
(26020,1)
(72880,1)
(4000,1)
(20980,1)
(60220,1)
(95860,1)
(56800,1)
(6700,1)
(51760,1)
(3640,1)
(48460,1)
(67600,1)
(77320,1)
(82600,1)
(40720,1)
(92440,1)
(54280,1)
(37360,1)
(56980,1)
(80080,1)
(93040,1)
(63340,1)
(94480,1)
(34240,1)
(48400,1)
(9280,1)
(21520,1)
(29500,1)
(40240,1)
(79780,1)
(90520,1)
(15940,1)
(30340,1)
(44380,1)
(58000,1)
(39220,1)
(78880,1)
(98920,1)
(9400,1)
(94960,1)
(26860,1)
(5320,1)
(24040,1)
(54700,1)
(85480,1)
(89620,1)
(56020,1)
(29620,1)
(28900,1)
(46180,1)
(15280,1)
(54100,1)
(60580,1)
(86380,1)
(76960,1)
(26560,1)
(30160,1)
(13180,1)
(73480,1)
(80680,1)
(14140,1)
(29200,1)
(25120,1)
(64240,1)
(57460,1)
(8800,1)
(45100,1)
(71560,1)
(11080,1)
(81820,1)
(43420,1)
(79540,1)
(30700,1)
(56620,1)
(74500,1)
(83080,1)
(12640,1)
(78280,1)
(23740,1)
(7420,1)
(59680,1)
(76420,1)
(82180,1)
(6280,1)
(80920,1)
(33400,1)
(29140,1)
(73000,1)
(49600,1)
(17620,1)
(5440,1)
(38500,1)
(39400,1)
(40780,1)
(54580,1)
(43660,1)
(64900,1)
(93520,1)
(22480,1)
(89200,1)
(44800,1)
(71140,1)
(52840,1)
(3160,1)
(59800,1)
(77080,1)
(11380,1)
(86620,1)
(82360,1)
(2440,1)
(80200,1)
(88660,1)
(23020,1)
(8080,1)
(34360,1)
(71800,1)
(37900,1)
(75340,1)
(77440,1)
(95920,1)
(73360,1)
(25420,1)
(17800,1)
(63400,1)
(69520,1)
(8020,1)
(53860,1)
(71740,1)
(26980,1)
(1000,1)
(93580,1)
(96760,1)
(69280,1)
(37960,1)
(38020,1)
(19840,1)
(74860,1)
(58540,1)
(58780,1)
(43000,1)
(18040,1)
(23860,1)
(51460,1)
(55060,1)
(52360,1)
(3100,1)
(48040,1)
(85240,1)
(43060,1)
(57280,1)
(32320,1)
(13240,1)
(48820,1)
(59140,1)
(35920,1)
(79180,1)
(60880,1)
(88000,1)
(98380,1)
(10060,1)
(47680,1)
(87100,1)
(92920,1)
(37540,1)
(880,1)
(73960,1)
(43360,1)
(82480,1)
(53920,1)
(68080,1)
(12580,1)
(96820,1)
