(37921,1)
(41521,1)
(19021,1)
(31201,1)
(52981,1)
(11461,1)
(78961,1)
(8401,1)
(80941,1)
(53821,1)
(16201,1)
(25381,1)
(58321,1)
(51301,1)
(40981,1)
(26761,1)
(9361,1)
(7081,1)
(23221,1)
(41821,1)
(40921,1)
(59461,1)
(50821,1)
(80341,1)
(52021,1)
(70021,1)
(79621,1)
(64261,1)
(70441,1)
(81661,1)
(89761,1)
(11281,1)
(16321,1)
(31081,1)
(6121,1)
(38581,1)
(49141,1)
(33721,1)
(22981,1)
(28141,1)
(65461,1)
(97141,1)
(32521,1)
(72781,1)
(7321,1)
(97921,1)
(25261,1)
(29341,1)
(40141,1)
(78421,1)
(74941,1)
(87001,1)
(42961,1)
(12421,1)
(98761,1)
(17341,1)
(59221,1)
(44941,1)
(44401,1)
(74821,1)
(541,1)
(49921,1)
(53341,1)
(24721,1)
(22741,1)
(73981,1)
(25201,1)
(38281,1)
(87961,1)
(78481,1)
(76441,1)
(36121,1)
(28561,1)
(34441,1)
(89701,1)
(50701,1)
(42481,1)
(94501,1)
(21181,1)
(90241,1)
(14101,1)
(21121,1)
(93421,1)
(22441,1)
(9961,1)
(3901,1)
(51721,1)
(31021,1)
(33541,1)
(21781,1)
(64081,1)
(43501,1)
(68221,1)
(13141,1)
(961,1)
(32461,1)
(19801,1)
(97261,1)
(63661,1)
(73021,1)
(67381,1)
(35281,1)
(13201,1)
(77761,1)
(13801,1)
(68101,1)
(71581,1)
(92821,1)
(23821,1)
(54001,1)
(15301,1)
(58681,1)
(13681,1)
(35821,1)
(46681,1)
(8041,1)
(18721,1)
(47281,1)
(25321,1)
(62281,1)
(73261,1)
(99361,1)
(63001,1)
(70741,1)
(42781,1)
(64141,1)
(4381,1)
(9301,1)
(85741,1)
(3061,1)
(11641,1)
(54061,1)
(2581,1)
(2281,1)
(6541,1)
(94261,1)
(27181,1)
(601,1)
(99961,1)
(5161,1)
(7801,1)
(69841,1)
(50881,1)
(37021,1)
(38641,1)
(94321,1)
(99001,1)
(64921,1)
(45601,1)
(33001,1)
(35701,1)
(69361,1)
(47881,1)
(77941,1)
(2641,1)
(13981,1)
(86101,1)
(81181,1)
(55321,1)
(5341,1)
(15601,1)
(33661,1)
(3541,1)
(88981,1)
(91441,1)
(43081,1)
(96721,1)
(98461,1)
(36301,1)
(34081,1)
(36541,1)
(30121,1)
(55921,1)
(85921,1)
(19321,1)
(48061,1)
(1981,1)
(32821,1)
(52081,1)
(17701,1)
(29221,1)
(57421,1)
(74041,1)
(6241,1)
(58501,1)
(20641,1)
(81901,1)
(72001,1)
(95221,1)
(44341,1)
(50341,1)
(67621,1)
(82681,1)
(17881,1)
(47701,1)
(55381,1)
(5401,1)
(22141,1)
(65881,1)
(48121,1)
(12241,1)
(64861,1)
(24841,1)
(43621,1)
(39661,1)
(77281,1)
(96181,1)
(35101,1)
(45961,1)
(66181,1)
(53161,1)
(35041,1)
(39121,1)
(45001,1)
(58741,1)
(75121,1)
(97201,1)
(9781,1)
(19561,1)
(7501,1)
(6061,1)
(74701,1)
(25621,1)
(9481,1)
(59761,1)
(79501,1)
(79201,1)
(82501,1)
(88861,1)
(83341,1)
(55081,1)
(20161,1)
(79021,1)
(87601,1)
(39961,1)
(9121,1)
(52261,1)
(38821,1)
(56341,1)
(6301,1)
(34501,1)
(42121,1)
(42601,1)
(60121,1)
(49381,1)
(80041,1)
(72541,1)
(11341,1)
(96421,1)
(28021,1)
(1681,1)
(62701,1)
(24901,1)
(20701,1)
(45901,1)
(40561,1)
(79741,1)
(24781,1)
(53221,1)
(74161,1)
(15181,1)
(24121,1)
(49561,1)
(50281,1)
(40801,1)
(94621,1)
(95461,1)
(65581,1)
(51181,1)
(37501,1)
(21001,1)
(96541,1)
(41701,1)
(80881,1)
(41221,1)
(35461,1)
(17581,1)
(57721,1)
(58561,1)
(57481,1)
(49861,1)
(16561,1)
(31621,1)
(64621,1)
(39421,1)
(98101,1)
(83281,1)
(97741,1)
(72421,1)
(80221,1)
(66121,1)
(35521,1)
(34141,1)
(47221,1)
(8161,1)
(11821,1)
(53761,1)
(44761,1)
(18241,1)
(95821,1)
(6781,1)
(2701,1)
(66841,1)
(63841,1)
(93841,1)
(45721,1)
(36481,1)
(54121,1)
(30301,1)
(75241,1)
(17221,1)
(84901,1)
(68401,1)
(67201,1)
(62401,1)
(70141,1)
(13561,1)
(2161,1)
(41041,1)
(22621,1)
(35401,1)
(38521,1)
(86341,1)
(68281,1)
(26941,1)
(47521,1)
(29881,1)
(35641,1)
(61141,1)
(17641,1)
(89821,1)
(88681,1)
(1141,1)
(80761,1)
(14521,1)
(28801,1)
(51541,1)
(68161,1)
(3481,1)
(77701,1)
(77341,1)
(14701,1)
(91681,1)
(99121,1)
(61861,1)
(65401,1)
(18661,1)
(40021,1)
(10981,1)
(38221,1)
(63601,1)
(87061,1)
(78661,1)
(70261,1)
(97081,1)
(89521,1)
(18181,1)
(14641,1)
(1381,1)
(16081,1)
(3121,1)
(97801,1)
(52621,1)
(58981,1)
(69421,1)
(96961,1)
(34021,1)
(66961,1)
(50521,1)
(21361,1)
(34561,1)
(54961,1)
(57001,1)
(97321,1)
(13741,1)
(80821,1)
(99541,1)
(69481,1)
(23281,1)
(9241,1)
(15421,1)
(59581,1)
(3841,1)
(73801,1)
(53101,1)
(91501,1)
(46621,1)
(45841,1)
(63541,1)
(79321,1)
(81541,1)
(10801,1)
(18421,1)
(76621,1)
(45781,1)
(94681,1)
(9541,1)
(15481,1)
(98941,1)
(86641,1)
(15661,1)
(43861,1)
(90001,1)
(1861,1)
(23341,1)
(49321,1)
(92941,1)
(85801,1)
(71461,1)
(19261,1)
(26461,1)
(19201,1)
(41761,1)
(1201,1)
(2941,1)
(38101,1)
(60241,1)
(5881,1)
(45661,1)
(91561,1)
(26161,1)
(84781,1)
(27001,1)
(67861,1)
(23161,1)
(49681,1)
(85141,1)
(61021,1)
(54361,1)
(50041,1)
(6181,1)
(78721,1)
(82561,1)
(5581,1)
(1501,1)
(74581,1)
(81421,1)
(24961,1)
(13021,1)
(4801,1)
(52141,1)
(62461,1)
(61501,1)
(82381,1)
(36721,1)
(46141,1)
(69661,1)
(15361,1)
(39841,1)
(12661,1)
(54661,1)
(73381,1)
(76741,1)
(73201,1)
(92341,1)
(83461,1)
(73681,1)
(10681,1)
(24601,1)
(77821,1)
(34861,1)
(22261,1)
(62881,1)
(77401,1)
(85081,1)
(97441,1)
(61261,1)
(47161,1)
(82621,1)
(85381,1)
(67561,1)
(32881,1)
(56761,1)
(12721,1)
(1801,1)
(54301,1)
(79141,1)
(87841,1)
(30541,1)
(71641,1)
(65641,1)
(42361,1)
(53401,1)
(10201,1)
(14581,1)
(8641,1)
(20401,1)
(34201,1)
(55441,1)
(33121,1)
(21661,1)
(87901,1)
(48421,1)
(18361,1)
(16441,1)
(58081,1)
(69001,1)
(93361,1)
(4081,1)
(181,1)
(88621,1)
(31981,1)
(88321,1)
(62101,1)
(66421,1)
(20581,1)
(29641,1)
(38701,1)
(84301,1)
(17521,1)
(28621,1)
(6481,1)
(29281,1)
(48841,1)
(22801,1)
(55021,1)
(46801,1)
(84841,1)
(36421,1)
(49261,1)
(2881,1)
(38341,1)
(77041,1)
(17161,1)
(80581,1)
(98041,1)
(16921,1)
(79561,1)
(49741,1)
(44221,1)
(46981,1)
(59821,1)
(11161,1)
(2041,1)
(4921,1)
(13321,1)
(44281,1)
(86461,1)
(66601,1)
(28381,1)
(30661,1)
(46921,1)
(30421,1)
(96301,1)
(93001,1)
(83641,1)
(74401,1)
(11401,1)
(88561,1)
(6601,1)
(60181,1)
(20761,1)
(55861,1)
(86581,1)
(70801,1)
(1081,1)
(23761,1)
(85981,1)
(86701,1)
(28441,1)
(60721,1)
(29161,1)
(33901,1)
(16981,1)
(90421,1)
(78001,1)
(20941,1)
(94081,1)
(69301,1)
(68641,1)
(35581,1)
(36241,1)
(81061,1)
(96241,1)
(40861,1)
(93121,1)
(44041,1)
(44101,1)
(4141,1)
(99661,1)
(70561,1)
(20821,1)
(5461,1)
(23641,1)
(30181,1)
(27961,1)
(52381,1)
(52561,1)
(56581,1)
(67981,1)
(34981,1)
(61201,1)
(42721,1)
(90841,1)
(40201,1)
(65941,1)
(30841,1)
(84541,1)
(79861,1)
(47041,1)
(14401,1)
(71761,1)
(45421,1)
(57841,1)
(19861,1)
(71401,1)
(41581,1)
(361,1)
(7381,1)
(39301,1)
(46261,1)
(26521,1)
(43981,1)
(3181,1)
(11521,1)
(31501,1)
(14281,1)
(23521,1)
(46381,1)
(79081,1)
(53641,1)
(4621,1)
(81841,1)
(81481,1)
(15781,1)
(4741,1)
(82201,1)
(17941,1)
(89041,1)
(4501,1)
(14041,1)
(88081,1)
(6661,1)
(10021,1)
(62821,1)
(39781,1)
(14341,1)
(12061,1)
(1441,1)
(33841,1)
(64201,1)
(26581,1)
(70681,1)
(90661,1)
(85201,1)
(10561,1)
(48301,1)
(89881,1)
(28201,1)
(38941,1)
(34621,1)
(10441,1)
(96061,1)
(87541,1)
(45541,1)
(73321,1)
(22201,1)
(73621,1)
(37561,1)
(21601,1)
(26101,1)
(61981,1)
(76861,1)
(17821,1)
(27121,1)
(47821,1)
(66781,1)
(9661,1)
(52681,1)
(52321,1)
(27901,1)
(13621,1)
(11221,1)
(15241,1)
(78061,1)
(67501,1)
(92581,1)
(88801,1)
(90481,1)
(49081,1)
(52201,1)
(23041,1)
(93901,1)
(45061,1)
(89641,1)
(9061,1)
(57601,1)
(90541,1)
(75421,1)
(12901,1)
(96841,1)
(93541,1)
(26881,1)
(53881,1)
(17761,1)
(46081,1)
(90121,1)
(84721,1)
(3241,1)
(75721,1)
(53941,1)
(4441,1)
(13081,1)
(75541,1)
(48961,1)
(65101,1)
(31681,1)
(54481,1)
(62161,1)
(29461,1)
(51421,1)
(19681,1)
(84241,1)
(89581,1)
(99481,1)
(84661,1)
(63361,1)
(81721,1)
(47641,1)
(8521,1)
(13381,1)
(92401,1)
(59401,1)
(98401,1)
(71221,1)
(86161,1)
(99601,1)
(68041,1)
(29941,1)
(92281,1)
(63421,1)
(75481,1)
(88741,1)
(49021,1)
(66481,1)
(10501,1)
(30001,1)
(3961,1)
(9901,1)
(99061,1)
(63481,1)
(73081,1)
(76681,1)
(72961,1)
(79681,1)
(37741,1)
(36661,1)
(48721,1)
(8101,1)
(73921,1)
(63061,1)
(73861,1)
(39601,1)
(8761,1)
(82981,1)
(18121,1)
(19441,1)
(82861,1)
(45481,1)
(6841,1)
(57121,1)
(86281,1)
(62521,1)
(94921,1)
(82741,1)
(2521,1)
(81001,1)
(7141,1)
(63901,1)
(15841,1)
(94141,1)
(60421,1)
(98521,1)
(93601,1)
(47761,1)
(67261,1)
(99421,1)
(5041,1)
(66061,1)
(85621,1)
(91381,1)
(75301,1)
(7861,1)
(31921,1)
(92521,1)
(39901,1)
(1021,1)
(84601,1)
(16261,1)
(15721,1)
(62761,1)
(29101,1)
(3361,1)
(33241,1)
(21961,1)
(47581,1)
(97621,1)
(56281,1)
(13921,1)
(93961,1)
(31261,1)
(51601,1)
(85261,1)
(19621,1)
(11101,1)
(66361,1)
(88141,1)
(16741,1)
(99901,1)
(52441,1)
(70861,1)
(45181,1)
(27841,1)
(68941,1)
(94741,1)
(88201,1)
(20281,1)
(24001,1)
(67801,1)
(29521,1)
(83161,1)
(37321,1)
(51241,1)
(8821,1)
(40081,1)
(30061,1)
(24361,1)
(69901,1)
(62041,1)
(95161,1)
(32941,1)
(82081,1)
(72121,1)
(67141,1)
(33781,1)
(89341,1)
(8881,1)
(15961,1)
(70921,1)
(54601,1)
(58201,1)
(47101,1)
(96361,1)
(87721,1)
(3661,1)
(18541,1)
(5641,1)
(64021,1)
(51061,1)
(63961,1)
(68341,1)
(22021,1)
(43681,1)
(30721,1)
(60361,1)
(66901,1)
(48001,1)
(30781,1)
(18781,1)
(84001,1)
(7921,1)
(19921,1)
(14881,1)
(42301,1)
(96781,1)
(60061,1)
(98341,1)
(65761,1)
(91021,1)
(38161,1)
(76801,1)
(64801,1)
(44521,1)
(61081,1)
(33061,1)
(29761,1)
(40321,1)
(27421,1)
(22561,1)
(86821,1)
(82801,1)
(71341,1)
(93661,1)
(56941,1)
(53581,1)
(63241,1)
(66301,1)
(55501,1)
(86221,1)
(54181,1)
(55741,1)
(91981,1)
(26821,1)
(66241,1)
(17281,1)
(61681,1)
(63301,1)
(85321,1)
(9601,1)
(21061,1)
(29821,1)
(26641,1)
(49801,1)
(64981,1)
(28501,1)
(39721,1)
(94981,1)
(2101,1)
(4201,1)
(74761,1)
(56101,1)
(44461,1)
(52801,1)
(44161,1)
(33601,1)
(36961,1)
(31381,1)
(13441,1)
(8701,1)
(94201,1)
(20041,1)
(74101,1)
(37381,1)
(14461,1)
(35221,1)
(16381,1)
(25681,1)
(59701,1)
(40501,1)
(44581,1)
(61441,1)
(9181,1)
(48241,1)
(83401,1)
(34741,1)
(45301,1)
(81121,1)
(7021,1)
(32641,1)
(42001,1)
(12001,1)
(8221,1)
(92101,1)
(15541,1)
(8581,1)
(44821,1)
(29401,1)
(91201,1)
(50161,1)
(69181,1)
(65821,1)
(81781,1)
(76081,1)
(27721,1)
(90601,1)
(74641,1)
(16681,1)
(72901,1)
(57541,1)
(93721,1)
(33361,1)
(56701,1)
(58381,1)
(58021,1)
(37141,1)
(72841,1)
(22381,1)
(28261,1)
(86401,1)
(94801,1)
(97021,1)
(88921,1)
(98821,1)
(60601,1)
(67741,1)
(1321,1)
(23101,1)
(27781,1)
(121,1)
(2461,1)
(60301,1)
(40261,1)
(57961,1)
(34261,1)
(421,1)
(53461,1)
(71161,1)
(40441,1)
(46861,1)
(12301,1)
(36901,1)
(33301,1)
(70621,1)
(27481,1)
(90961,1)
(97681,1)
(98641,1)
(51781,1)
(37081,1)
(24421,1)
(55981,1)
(43441,1)
(18001,1)
(20521,1)
(55141,1)
(40621,1)
(60661,1)
(78121,1)
(36361,1)
(82321,1)
(83941,1)
(51661,1)
(33481,1)
(91801,1)
(79981,1)
(22681,1)
(44641,1)
(83041,1)
(1561,1)
(61381,1)
(12961,1)
(64681,1)
(36601,1)
(70321,1)
(72241,1)
(33961,1)
(23581,1)
(40741,1)
(74521,1)
(76321,1)
(62941,1)
(34921,1)
(57901,1)
(18841,1)
(32161,1)
(50761,1)
(76021,1)
(7741,1)
(56161,1)
(84061,1)
(12601,1)
(53701,1)
(50401,1)
(8281,1)
(86041,1)
(21901,1)
(86521,1)
(41401,1)
(5701,1)
(41341,1)
(721,1)
(7681,1)
(57781,1)
(58801,1)
(61801,1)
(78361,1)
(75001,1)
(85021,1)
(90181,1)
(87361,1)
(99181,1)
(7981,1)
(93301,1)
(23941,1)
(18481,1)
(75181,1)
(841,1)
(72721,1)
(24661,1)
(21421,1)
(661,1)
(74341,1)
(19501,1)
(83761,1)
(88381,1)
(69121,1)
(85441,1)
(29041,1)
(28321,1)
(29581,1)
(56521,1)
(81301,1)
(58141,1)
(39481,1)
(59521,1)
(70381,1)
(21841,1)
(99301,1)
(77581,1)
(68881,1)
(95521,1)
(64501,1)
(55681,1)
(77461,1)
(46741,1)
(20461,1)
(90781,1)
(39361,1)
(27061,1)
(78181,1)
(6421,1)
(92761,1)
(32581,1)
(95101,1)
(50941,1)
(51361,1)
(75961,1)
(80161,1)
(27661,1)
(41281,1)
(24481,1)
(94021,1)
(72361,1)
(91921,1)
(56221,1)
(5761,1)
(96601,1)
(89941,1)
(49201,1)
(76921,1)
(32281,1)
(78241,1)
(92881,1)
(2761,1)
(93181,1)
(71281,1)
(69241,1)
(80401,1)
(91261,1)
(27301,1)
(61321,1)
(10141,1)
(45241,1)
(76501,1)
(72181,1)
(27541,1)
(61621,1)
(43321,1)
(79441,1)
(51961,1)
(46321,1)
(75781,1)
(80701,1)
(60901,1)
(40681,1)
(36781,1)
(10921,1)
(44881,1)
(31441,1)
(68701,1)
(5941,1)
(31321,1)
(42661,1)
(14161,1)
(81361,1)
(76141,1)
(42901,1)
(59101,1)
(79921,1)
(98221,1)
(90301,1)
(5281,1)
(26341,1)
(22921,1)
(21241,1)
(83821,1)
(91081,1)
(73441,1)
(61561,1)
(34321,1)
(84361,1)
(43741,1)
(28861,1)
(38041,1)
(75361,1)
(67081,1)
(54421,1)
(32761,1)
(16861,1)
(8341,1)
(80521,1)
(56401,1)
(81241,1)
(50221,1)
(53281,1)
(64321,1)
(95041,1)
(68521,1)
(43261,1)
(17101,1)
(64561,1)
(69061,1)
(95401,1)
(70081,1)
(46021,1)
(901,1)
(50101,1)
(55261,1)
(77101,1)
(78301,1)
(67021,1)
(25021,1)
(31141,1)
(50581,1)
(39061,1)
(70201,1)
(59281,1)
(61,1)
(17461,1)
(28921,1)
(43381,1)
(30361,1)
(47401,1)
(4681,1)
(10081,1)
(17041,1)
(23461,1)
(87481,1)
(30601,1)
(10381,1)
(33421,1)
(48781,1)
(56821,1)
(12181,1)
(98281,1)
(95581,1)
(42241,1)
(11941,1)
(68581,1)
(97981,1)
(23701,1)
(87421,1)
(46561,1)
(86761,1)
(98881,1)
(56881,1)
(71821,1)
(26401,1)
(26281,1)
(58441,1)
(1921,1)
(42181,1)
(64441,1)
(96481,1)
(88441,1)
(15901,1)
(82021,1)
(69601,1)
(22501,1)
(87121,1)
(20881,1)
(91321,1)
(92641,1)
(41461,1)
(76261,1)
(92161,1)
(58621,1)
(65221,1)
(84481,1)
(87301,1)
(781,1)
(80281,1)
(19741,1)
(36001,1)
(94861,1)
(82141,1)
(16801,1)
(97561,1)
(53041,1)
(10621,1)
(62341,1)
(89221,1)
(21721,1)
(45361,1)
(1261,1)
(11701,1)
(43141,1)
(20101,1)
(54541,1)
(22081,1)
(3721,1)
(45121,1)
(30241,1)
(32041,1)
(66721,1)
(84181,1)
(67681,1)
(92221,1)
(93781,1)
(50641,1)
(91861,1)
(75901,1)
(36841,1)
(60541,1)
(82921,1)
(48601,1)
(32341,1)
(79261,1)
(13861,1)
(3421,1)
(35761,1)
(63781,1)
(87781,1)
(52741,1)
(83701,1)
(65341,1)
(38401,1)
(32701,1)
(20341,1)
(35161,1)
(54841,1)
(43021,1)
(25141,1)
(68461,1)
(83521,1)
(37861,1)
(41941,1)
(65521,1)
(83221,1)
(86941,1)
(3001,1)
(95341,1)
(15061,1)
(41641,1)
(72481,1)
(95281,1)
(16501,1)
(25981,1)
(99841,1)
(70501,1)
(50461,1)
(88021,1)
(18901,1)
(67321,1)
(48361,1)
(62641,1)
(36061,1)
(62581,1)
(63121,1)
(75841,1)
(53521,1)
(48181,1)
(21541,1)
(35941,1)
(46501,1)
(96661,1)
(54781,1)
(14821,1)
(42421,1)
(55561,1)
(7441,1)
(84961,1)
(72301,1)
(49501,1)
(95941,1)
(43921,1)
(51481,1)
(25501,1)
(41881,1)
(82441,1)
(37261,1)
(73561,1)
(241,1)
(11581,1)
(79801,1)
(92041,1)
(481,1)
(12361,1)
(25561,1)
(88501,1)
(32101,1)
(18301,1)
(98701,1)
(76561,1)
(95701,1)
(43201,1)
(18061,1)
(27361,1)
(77881,1)
(89161,1)
(19141,1)
(63181,1)
(51901,1)
(3301,1)
(71701,1)
(2221,1)
(57061,1)
(66541,1)
(72601,1)
(58261,1)
(34801,1)
(10741,1)
(6001,1)
(91741,1)
(38881,1)
(9721,1)
(12781,1)
(14221,1)
(2401,1)
(57361,1)
(60961,1)
(57301,1)
(72061,1)
(89461,1)
(4561,1)
(80641,1)
(26221,1)
(59641,1)
(18961,1)
(58861,1)
(76201,1)
(63721,1)
(85561,1)
(83581,1)
(87241,1)
(36181,1)
(85861,1)
(30961,1)
(47461,1)
(22861,1)
(13501,1)
(47341,1)
(90061,1)
(52501,1)
(90901,1)
(55201,1)
(73501,1)
(84421,1)
(83101,1)
(65701,1)
(27601,1)
(5221,1)
(71881,1)
(25741,1)
(301,1)
(7561,1)
(47941,1)
(34681,1)
(37681,1)
(14941,1)
(28681,1)
(48901,1)
(22321,1)
(57181,1)
(3601,1)
(61741,1)
(41161,1)
(23881,1)
(35881,1)
(69961,1)
(70981,1)
(39541,1)
(38761,1)
(65041,1)
(25081,1)
(64741,1)
(7621,1)
(78781,1)
(95761,1)
(24181,1)
(77221,1)
(35341,1)
(39241,1)
(37441,1)
(37201,1)
(9421,1)
(3781,1)
(98161,1)
(1741,1)
(71041,1)
(5521,1)
(91621,1)
(78541,1)
(5101,1)
(19981,1)
(67921,1)
(58921,1)
(98581,1)
(8941,1)
(4981,1)
(25861,1)
(12841,1)
(11761,1)
(84121,1)
(6361,1)
(6961,1)
(77161,1)
(75061,1)
(54901,1)
(89401,1)
(66661,1)
(80101,1)
(17401,1)
(86881,1)
(11881,1)
(54241,1)
(38461,1)
(7261,1)
(97381,1)
(87181,1)
(79381,1)
(56461,1)
(55801,1)
(60481,1)
(62221,1)
(18601,1)
(51001,1)
(77521,1)
(15121,1)
(28081,1)
(21481,1)
(99721,1)
(37621,1)
(12121,1)
(69541,1)
(99781,1)
(4321,1)
(9841,1)
(16621,1)
(65161,1)
(43561,1)
(33181,1)
(93481,1)
(12481,1)
(81601,1)
(80461,1)
(96121,1)
(2341,1)
(74221,1)
(4861,1)
(41101,1)
(99241,1)
(91141,1)
(85501,1)
(54721,1)
(32221,1)
(24061,1)
(48481,1)
(12541,1)
(52921,1)
(39001,1)
(94441,1)
(61921,1)
(25441,1)
(82261,1)
(65281,1)
(26701,1)
(43801,1)
(78601,1)
(78841,1)
(76381,1)
(66001,1)
(56641,1)
(56041,1)
(34381,1)
(7201,1)
(31561,1)
(60001,1)
(92701,1)
(69781,1)
(1621,1)
(23401,1)
(89281,1)
(13261,1)
(90361,1)
(16021,1)
(28741,1)
(68821,1)
(48661,1)
(49441,1)
(93241,1)
(59041,1)
(89101,1)
(95641,1)
(24241,1)
(42061,1)
(74281,1)
(6721,1)
(77641,1)
(24301,1)
(69721,1)
(16141,1)
(19381,1)
(20221,1)
(71521,1)
(59341,1)
(71101,1)
(46201,1)
(96901,1)
(96001,1)
(10861,1)
(51841,1)
(44701,1)
(76981,1)
(46441,1)
(68761,1)
(6901,1)
(59941,1)
(42541,1)
(10261,1)
(15001,1)
(37981,1)
(21301,1)
(49981,1)
(4261,1)
(5821,1)
(32401,1)
(81961,1)
(9001,1)
(30901,1)
(31861,1)
(25921,1)
(64381,1)
(59161,1)
(97501,1)
(31801,1)
(74881,1)
(94561,1)
(8461,1)
(14761,1)
(4021,1)
(30481,1)
(49621,1)
(71941,1)
(78901,1)
(75661,1)
(51121,1)
(88261,1)
(27241,1)
(29701,1)
(94381,1)
(90721,1)
(40381,1)
(73141,1)
(83881,1)
(95881,1)
(87661,1)
(52861,1)
(31741,1)
(73741,1)
(2821,1)
(39181,1)
(28981,1)
(75601,1)
(93061,1)
(57241,1)
(10321,1)
(25801,1)
(26041,1)
(97861,1)
(37801,1)
(85681,1)
(48541,1)
(55621,1)
(92461,1)
(42841,1)
(57661,1)
(60781,1)
(11041,1)
(72661,1)
(24541,1)
(59881,1)
(60841,1)
(74461,1)
(67441,1)
(19081,1)
