(6761,1)
(93281,1)
(86321,1)
(42341,1)
(85661,1)
(90401,1)
(11561,1)
(85061,1)
(77021,1)
(95561,1)
(34001,1)
(76121,1)
(88481,1)
(90761,1)
(70361,1)
(68441,1)
(21581,1)
(34661,1)
(46781,1)
(52181,1)
(94601,1)
(66161,1)
(5081,1)
(13301,1)
(61661,1)
(79721,1)
(96581,1)
(2021,1)
(85421,1)
(87461,1)
(72821,1)
(79841,1)
(58181,1)
(92981,1)
(37721,1)
(54941,1)
(23561,1)
(44561,1)
(12881,1)
(20201,1)
(47201,1)
(36581,1)
(86381,1)
(23141,1)
(14981,1)
(21401,1)
(99521,1)
(81041,1)
(17261,1)
(69221,1)
(4481,1)
(3161,1)
(27941,1)
(83801,1)
(17621,1)
(43781,1)
(86861,1)
(63821,1)
(75341,1)
(18941,1)
(23021,1)
(64961,1)
(70721,1)
(34241,1)
(49661,1)
(10601,1)
(31301,1)
(12101,1)
(87341,1)
(33221,1)
(47561,1)
(21461,1)
(56561,1)
(75041,1)
(91781,1)
(59681,1)
(89441,1)
(36521,1)
(45581,1)
(93401,1)
(68861,1)
(69941,1)
(83441,1)
(91421,1)
(76961,1)
(76661,1)
(58421,1)
(76901,1)
(73901,1)
(98141,1)
(17201,1)
(23201,1)
(99281,1)
(25361,1)
(96701,1)
(6881,1)
(39161,1)
(51941,1)
(49001,1)
(58841,1)
(79061,1)
(4661,1)
(56981,1)
(17501,1)
(14501,1)
(59561,1)
(97481,1)
(53441,1)
(26981,1)
(79961,1)
(48041,1)
(4901,1)
(44681,1)
(51281,1)
(44801,1)
(32261,1)
(43181,1)
(53621,1)
(69641,1)
(54221,1)
(17441,1)
(94781,1)
(95501,1)
(68741,1)
(31361,1)
(42161,1)
(37961,1)
(45881,1)
(73481,1)
(46061,1)
(16841,1)
(27341,1)
(8861,1)
(29501,1)
(72641,1)
(75881,1)
(17381,1)
(79661,1)
(38981,1)
(14441,1)
(66041,1)
(87221,1)
(4061,1)
(49421,1)
(17801,1)
(39041,1)
(69701,1)
(33761,1)
(55361,1)
(23501,1)
(9941,1)
(42041,1)
(75521,1)
(70001,1)
(1481,1)
(88241,1)
(26081,1)
(99641,1)
(94661,1)
(61061,1)
(80381,1)
(33161,1)
(55721,1)
(54821,1)
(59321,1)
(65561,1)
(70181,1)
(821,1)
(1181,1)
(43661,1)
(4541,1)
(20801,1)
(80141,1)
(28901,1)
(71921,1)
(85361,1)
(85241,1)
(49481,1)
(38861,1)
(55841,1)
(98621,1)
(7421,1)
(7841,1)
(98081,1)
(73241,1)
(29801,1)
(75701,1)
(2801,1)
(2321,1)
(46841,1)
(58541,1)
(86081,1)
(52121,1)
(87701,1)
(47141,1)
(18521,1)
(18401,1)
(32381,1)
(51701,1)
(67061,1)
(92321,1)
(52361,1)
(11921,1)
(77741,1)
(44141,1)
(22301,1)
(80321,1)
(9641,1)
(90341,1)
(69581,1)
(35561,1)
(68921,1)
(74801,1)
(79301,1)
(84821,1)
(90941,1)
(10301,1)
(99941,1)
(15281,1)
(14021,1)
(33461,1)
(89921,1)
(91481,1)
(69461,1)
(77561,1)
(50321,1)
(14201,1)
(32921,1)
(36161,1)
(75401,1)
(42581,1)
(55301,1)
(68261,1)
(47861,1)
(8321,1)
(60401,1)
(93581,1)
(51341,1)
(73961,1)
(74441,1)
(71561,1)
(83261,1)
(48821,1)
(67181,1)
(27821,1)
(36701,1)
(85121,1)
(19301,1)
(2561,1)
(40361,1)
(22001,1)
(54881,1)
(22601,1)
(62261,1)
(71621,1)
(86501,1)
(14561,1)
(80801,1)
(49181,1)
(88181,1)
(73841,1)
(21161,1)
(7481,1)
(56201,1)
(10481,1)
(69341,1)
(13241,1)
(46661,1)
(35981,1)
(30701,1)
(44261,1)
(401,1)
(75761,1)
(58001,1)
(9161,1)
(77261,1)
(8681,1)
(78161,1)
(36101,1)
(85541,1)
(63041,1)
(27521,1)
(75461,1)
(51521,1)
(23801,1)
(61301,1)
(54761,1)
(461,1)
(6401,1)
(25961,1)
(77681,1)
(49061,1)
(61781,1)
(88661,1)
(5021,1)
(19841,1)
(65681,1)
(22721,1)
(70241,1)
(80861,1)
(19481,1)
(60281,1)
(82481,1)
(23981,1)
(12221,1)
(4421,1)
(83621,1)
(95681,1)
(68321,1)
(9041,1)
(51161,1)
(42401,1)
(79421,1)
(28961,1)
(39881,1)
(8381,1)
(90641,1)
(65261,1)
(26801,1)
(27041,1)
(67121,1)
(79781,1)
(92501,1)
(99761,1)
(46721,1)
(89021,1)
(41501,1)
(27641,1)
(32321,1)
(85481,1)
(35021,1)
(35201,1)
(62021,1)
(19421,1)
(89621,1)
(77981,1)
(73721,1)
(80501,1)
(85301,1)
(48401,1)
(56921,1)
(79361,1)
(14381,1)
(34841,1)
(47981,1)
(42761,1)
(64601,1)
(45761,1)
(66221,1)
(36401,1)
(64781,1)
(13361,1)
(25181,1)
(80561,1)
(91721,1)
(34901,1)
(22361,1)
(71021,1)
(39401,1)
(99461,1)
(98501,1)
(53561,1)
(4721,1)
(95141,1)
(12521,1)
(77921,1)
(10061,1)
(29081,1)
(16001,1)
(37601,1)
(41561,1)
(88421,1)
(94901,1)
(67001,1)
(84461,1)
(58781,1)
(16361,1)
(51581,1)
(90881,1)
(96521,1)
(58721,1)
(1781,1)
(38141,1)
(89801,1)
(62681,1)
(47021,1)
(61121,1)
(61481,1)
(281,1)
(90221,1)
(25121,1)
(64241,1)
(11621,1)
(83741,1)
(1301,1)
(6581,1)
(1841,1)
(58901,1)
(45221,1)
(70421,1)
(75101,1)
(74021,1)
(8501,1)
(24341,1)
(78341,1)
(44861,1)
(24521,1)
(16661,1)
(13961,1)
(17561,1)
(88721,1)
(67481,1)
(11321,1)
(31481,1)
(74561,1)
(22961,1)
(76241,1)
(56621,1)
(28181,1)
(65921,1)
(39221,1)
(36641,1)
(52241,1)
(75161,1)
(37421,1)
(77801,1)
(12401,1)
(83081,1)
(57221,1)
(75641,1)
(75221,1)
(33101,1)
(10661,1)
(98561,1)
(33581,1)
(71981,1)
(23381,1)
(25061,1)
(40241,1)
(7301,1)
(88781,1)
(15401,1)
(19181,1)
(63281,1)
(26441,1)
(65081,1)
(31841,1)
(41621,1)
(33641,1)
(49241,1)
(13661,1)
(65441,1)
(85781,1)
(24221,1)
(18641,1)
(81821,1)
(701,1)
(17081,1)
(87281,1)
(59021,1)
(15821,1)
(20981,1)
(3341,1)
(88121,1)
(16481,1)
(21281,1)
(62501,1)
(46001,1)
(51041,1)
(13781,1)
(91001,1)
(61901,1)
(36881,1)
(95621,1)
(67361,1)
(23861,1)
(74861,1)
(25001,1)
(45161,1)
(31901,1)
(60041,1)
(75941,1)
(62861,1)
(94301,1)
(7001,1)
(31001,1)
(52481,1)
(47801,1)
(95921,1)
(58661,1)
(57161,1)
(41981,1)
(13601,1)
(41321,1)
(82061,1)
(20741,1)
(59081,1)
(43361,1)
(59381,1)
(74081,1)
(62801,1)
(13481,1)
(93821,1)
(60341,1)
(48161,1)
(10721,1)
(3821,1)
(35921,1)
(47741,1)
(4241,1)
(55121,1)
(82121,1)
(5321,1)
(68621,1)
(8261,1)
(81281,1)
(16601,1)
(38381,1)
(82661,1)
(76301,1)
(97781,1)
(73001,1)
(24881,1)
(66641,1)
(25721,1)
(5921,1)
(71861,1)
(54521,1)
(2441,1)
(14741,1)
(40061,1)
(39941,1)
(13721,1)
(66101,1)
(94361,1)
(81341,1)
(19001,1)
(7661,1)
(38201,1)
(82961,1)
(20321,1)
(87761,1)
(7601,1)
(12341,1)
(50441,1)
(93161,1)
(9461,1)
(42641,1)
(57401,1)
(5501,1)
(22901,1)
(38501,1)
(41081,1)
(22241,1)
(24701,1)
(15341,1)
(48341,1)
(3521,1)
(70301,1)
(77081,1)
(78761,1)
(3401,1)
(17141,1)
(5861,1)
(44201,1)
(46421,1)
(66341,1)
(17321,1)
(88001,1)
(70661,1)
(96881,1)
(29921,1)
(4961,1)
(5621,1)
(41681,1)
(12581,1)
(64901,1)
(28301,1)
(55001,1)
(63701,1)
(83861,1)
(59741,1)
(1121,1)
(36941,1)
(47081,1)
(81701,1)
(70961,1)
(78041,1)
(56021,1)
(72281,1)
(15941,1)
(40001,1)
(10961,1)
(14141,1)
(66701,1)
(57581,1)
(81401,1)
(22841,1)
(4301,1)
(40121,1)
(39821,1)
(33821,1)
(51761,1)
(9881,1)
(37181,1)
(3881,1)
(20561,1)
(57281,1)
(31601,1)
(66821,1)
(20921,1)
(76001,1)
(15701,1)
(96941,1)
(92801,1)
(53381,1)
(71501,1)
(62141,1)
(47261,1)
(11261,1)
(40841,1)
(82421,1)
(96821,1)
(69821,1)
(26861,1)
(34121,1)
(39461,1)
(39701,1)
(76061,1)
(881,1)
(82001,1)
(20441,1)
(26921,1)
(46481,1)
(69761,1)
(13001,1)
(14921,1)
(641,1)
(57101,1)
(85841,1)
(94181,1)
(20681,1)
(49961,1)
(95201,1)
(42221,1)
(34061,1)
(56681,1)
(99881,1)
(11741,1)
(89321,1)
(79601,1)
(28781,1)
(17981,1)
(55961,1)
(44741,1)
(29321,1)
(57041,1)
(68081,1)
(56441,1)
(5681,1)
(20021,1)
(1061,1)
(56141,1)
(12281,1)
(49901,1)
(93941,1)
(60641,1)
(26621,1)
(45521,1)
(15521,1)
(21641,1)
(55541,1)
(30161,1)
(37121,1)
(76781,1)
(53681,1)
(83321,1)
(2981,1)
(39341,1)
(11441,1)
(55781,1)
(20621,1)
(52061,1)
(74981,1)
(11801,1)
(84401,1)
(68501,1)
(67721,1)
(84881,1)
(18821,1)
(35801,1)
(93881,1)
(49721,1)
(15101,1)
(90701,1)
(92021,1)
(7241,1)
(16421,1)
(21821,1)
(15461,1)
(54581,1)
(78581,1)
(9221,1)
(69041,1)
(24941,1)
(41261,1)
(41801,1)
(37781,1)
(11981,1)
(62621,1)
(16901,1)
(27581,1)
(36761,1)
(24041,1)
(36041,1)
(38441,1)
(42101,1)
(43001,1)
(25661,1)
(78281,1)
(81221,1)
(12641,1)
(71681,1)
(30101,1)
(58301,1)
(22181,1)
(60701,1)
(53261,1)
(37061,1)
(38081,1)
(44441,1)
(51401,1)
(25241,1)
(89381,1)
(80981,1)
(10781,1)
(38621,1)
(92861,1)
(16781,1)
(91901,1)
(101,1)
(14321,1)
(95741,1)
(90161,1)
(59501,1)
(50801,1)
(96641,1)
(38681,1)
(16721,1)
(98381,1)
(43241,1)
(81881,1)
(94541,1)
(54401,1)
(44081,1)
(22121,1)
(58121,1)
(77861,1)
(100001,1)
(341,1)
(40661,1)
(8981,1)
(42461,1)
(19361,1)
(82901,1)
(72521,1)
(70061,1)
(84341,1)
(2861,1)
(41,1)
(48941,1)
(35261,1)
(88541,1)
(59201,1)
(24581,1)
(87641,1)
(2201,1)
(47321,1)
(63461,1)
(39281,1)
(59141,1)
(86621,1)
(8081,1)
(50621,1)
(55481,1)
(41921,1)
(68561,1)
(94001,1)
(27701,1)
(71321,1)
(61001,1)
(71441,1)
(28001,1)
(61361,1)
(11381,1)
(46241,1)
(82841,1)
(52781,1)
(50201,1)
(37301,1)
(78521,1)
(30881,1)
(38741,1)
(82301,1)
(86681,1)
(55061,1)
(98441,1)
(46301,1)
(39641,1)
(17921,1)
(26261,1)
(46961,1)
(16961,1)
(14081,1)
(27221,1)
(92141,1)
(92561,1)
(62081,1)
(6101,1)
(71081,1)
(33701,1)
(38561,1)
(87161,1)
(48581,1)
(82541,1)
(71141,1)
(14801,1)
(62201,1)
(24281,1)
(2681,1)
(29261,1)
(75581,1)
(58361,1)
(8141,1)
(30941,1)
(59621,1)
(19961,1)
(88301,1)
(89981,1)
(84581,1)
(92201,1)
(94121,1)
(52721,1)
(34481,1)
(82241,1)
(87581,1)
(10001,1)
(28361,1)
(18461,1)
(91061,1)
(59921,1)
(81161,1)
(1661,1)
(38921,1)
(1721,1)
(69161,1)
(28841,1)
(49361,1)
(73301,1)
(32621,1)
(25301,1)
(27401,1)
(99401,1)
(61841,1)
(36821,1)
(63941,1)
(73601,1)
(26201,1)
(99821,1)
(88901,1)
(22061,1)
(74321,1)
(60521,1)
(97301,1)
(53741,1)
(16121,1)
(77381,1)
(80681,1)
(2081,1)
(94481,1)
(29201,1)
(97961,1)
(18581,1)
(12941,1)
(72041,1)
(42701,1)
(23321,1)
(85901,1)
(31661,1)
(76841,1)
(25421,1)
(60761,1)
(86981,1)
(39761,1)
(1961,1)
(18041,1)
(49601,1)
(18701,1)
(42521,1)
(95381,1)
(48281,1)
(69101,1)
(43421,1)
(67601,1)
(28721,1)
(92261,1)
(84761,1)
(20381,1)
(21941,1)
(89861,1)
(53321,1)
(6221,1)
(19241,1)
(31241,1)
(96041,1)
(18881,1)
(75821,1)
(85001,1)
(3461,1)
(44501,1)
(37541,1)
(67901,1)
(18101,1)
(29741,1)
(55181,1)
(13841,1)
(86921,1)
(87101,1)
(42881,1)
(43901,1)
(10181,1)
(96281,1)
(89201,1)
(67241,1)
(3641,1)
(26321,1)
(28481,1)
(3761,1)
(40721,1)
(99581,1)
(78401,1)
(43721,1)
(67421,1)
(2141,1)
(79241,1)
(92621,1)
(96101,1)
(66941,1)
(42821,1)
(73781,1)
(23441,1)
(59261,1)
(6701,1)
(83921,1)
(93641,1)
(99221,1)
(6941,1)
(9821,1)
(11681,1)
(6461,1)
(79481,1)
(98681,1)
(55241,1)
(14681,1)
(47921,1)
(78221,1)
(46901,1)
(68681,1)
(66761,1)
(73181,1)
(6521,1)
(8741,1)
(15641,1)
(58481,1)
(67541,1)
(79001,1)
(48221,1)
(87041,1)
(78701,1)
(9281,1)
(20081,1)
(6341,1)
(49541,1)
(63101,1)
(32441,1)
(6281,1)
(68381,1)
(94961,1)
(11021,1)
(4781,1)
(51821,1)
(42941,1)
(37001,1)
(52301,1)
(34601,1)
(70121,1)
(96401,1)
(62981,1)
(63401,1)
(56801,1)
(51641,1)
(94241,1)
(28421,1)
(37481,1)
(72581,1)
(35441,1)
(66581,1)
(34181,1)
(48461,1)
(60461,1)
(78821,1)
(29381,1)
(9341,1)
(81941,1)
(16301,1)
(81101,1)
(24641,1)
(12821,1)
(79541,1)
(88961,1)
(38021,1)
(19661,1)
(50141,1)
(65741,1)
(45701,1)
(52541,1)
(81581,1)
(61721,1)
(43061,1)
(24821,1)
(6041,1)
(53201,1)
(57821,1)
(31781,1)
(46541,1)
(98741,1)
(69521,1)
(15161,1)
(5441,1)
(3281,1)
(97841,1)
(92741,1)
(73421,1)
(94061,1)
(28061,1)
(19781,1)
(50981,1)
(29621,1)
(44381,1)
(68981,1)
(35681,1)
(10421,1)
(90101,1)
(57461,1)
(84941,1)
(9521,1)
(19121,1)
(21041,1)
(95081,1)
(10901,1)
(26141,1)
(51461,1)
(52421,1)
(7961,1)
(95981,1)
(34541,1)
(96161,1)
(73661,1)
(30461,1)
(43841,1)
(99041,1)
(58601,1)
(84521,1)
(16181,1)
(48641,1)
(86201,1)
(77321,1)
(16241,1)
(17861,1)
(46121,1)
(54461,1)
(72221,1)
(5801,1)
(86561,1)
(31121,1)
(15881,1)
(85721,1)
(85181,1)
(96761,1)
(99161,1)
(39581,1)
(44981,1)
(51101,1)
(30341,1)
(48521,1)
(54101,1)
(23681,1)
(57701,1)
(30761,1)
(78881,1)
(83381,1)
(63341,1)
(19061,1)
(21881,1)
(28601,1)
(30221,1)
(1541,1)
(84701,1)
(31421,1)
(52661,1)
(76181,1)
(57941,1)
(22781,1)
(32201,1)
(9701,1)
(10361,1)
(11501,1)
(25481,1)
(26501,1)
(60161,1)
(80261,1)
(77441,1)
(17741,1)
(61421,1)
(97121,1)
(72881,1)
(161,1)
(32681,1)
(30041,1)
(63521,1)
(68201,1)
(54341,1)
(93761,1)
(52961,1)
(64301,1)
(74381,1)
(83501,1)
(10121,1)
(54041,1)
(37841,1)
(44921,1)
(12041,1)
(32141,1)
(70781,1)
(34301,1)
(74921,1)
(67841,1)
(49841,1)
(3221,1)
(32981,1)
(30281,1)
(86801,1)
(92681,1)
(48761,1)
(77201,1)
(81521,1)
(13181,1)
(27461,1)
(91601,1)
(33881,1)
(65021,1)
(72401,1)
(51881,1)
(95861,1)
(28541,1)
(61601,1)
(76421,1)
(51221,1)
(80741,1)
(60941,1)
(81461,1)
(52001,1)
(74201,1)
(68801,1)
(36461,1)
(65621,1)
(66881,1)
(66461,1)
(95801,1)
(99101,1)
(4361,1)
(90281,1)
(83561,1)
(32801,1)
(90041,1)
(33401,1)
(941,1)
(15221,1)
(49301,1)
(50921,1)
(65801,1)
(93521,1)
(52841,1)
(89081,1)
(30641,1)
(89261,1)
(8201,1)
(65981,1)
(81761,1)
(31181,1)
(93221,1)
(44321,1)
(61541,1)
(30821,1)
(14621,1)
(12161,1)
(65201,1)
(26681,1)
(32081,1)
(10841,1)
(50561,1)
(35081,1)
(82721,1)
(53081,1)
(41441,1)
(70481,1)
(61181,1)
(38801,1)
(50861,1)
(33341,1)
(59441,1)
(62741,1)
(67661,1)
(55421,1)
(69281,1)
(98021,1)
(50681,1)
(24101,1)
(26741,1)
(27881,1)
(55901,1)
(73541,1)
(94421,1)
(7781,1)
(91181,1)
(83021,1)
(97061,1)
(2501,1)
(5261,1)
(92081,1)
(64001,1)
(20141,1)
(46601,1)
(53801,1)
(2621,1)
(78641,1)
(19601,1)
(80081,1)
(9401,1)
(63881,1)
(34361,1)
(77501,1)
(64841,1)
(40301,1)
(58241,1)
(72341,1)
(84221,1)
(87881,1)
(45821,1)
(16541,1)
(8021,1)
(27761,1)
(48881,1)
(6641,1)
(8801,1)
(96341,1)
(24161,1)
(12761,1)
(36221,1)
(11861,1)
(54701,1)
(56081,1)
(23261,1)
(53501,1)
(89141,1)
(43301,1)
(13061,1)
(26381,1)
(4601,1)
(2261,1)
(63221,1)
(53861,1)
(64541,1)
(1601,1)
(41861,1)
(7061,1)
(71381,1)
(8561,1)
(21521,1)
(92921,1)
(29861,1)
(80021,1)
(17681,1)
(25841,1)
(95021,1)
(65141,1)
(36341,1)
(85601,1)
(5141,1)
(99341,1)
(74621,1)
(3701,1)
(60581,1)
(3581,1)
(16061,1)
(21761,1)
(65321,1)
(1241,1)
(50501,1)
(5981,1)
(50261,1)
(93101,1)
(73361,1)
(12701,1)
(45941,1)
(15041,1)
(35501,1)
(50741,1)
(581,1)
(99701,1)
(14861,1)
(72761,1)
(18221,1)
(35741,1)
(86441,1)
(94841,1)
(1901,1)
(22541,1)
(7901,1)
(29981,1)
(72941,1)
(41201,1)
(71261,1)
(33281,1)
(49121,1)
(31721,1)
(9581,1)
(10241,1)
(11081,1)
(21701,1)
(78101,1)
(40901,1)
(91301,1)
(74681,1)
(25601,1)
(30401,1)
(43481,1)
(56261,1)
(87521,1)
(34721,1)
(98261,1)
(7361,1)
(91121,1)
(25541,1)
(40961,1)
(46181,1)
(25781,1)
(87401,1)
(41021,1)
(94721,1)
(27101,1)
(66521,1)
(19721,1)
(80441,1)
(42281,1)
(38321,1)
(95321,1)
(74501,1)
(98861,1)
(4121,1)
(86741,1)
(56861,1)
(3101,1)
(36281,1)
(80201,1)
(59981,1)
(5741,1)
(20861,1)
(57881,1)
(93701,1)
(98801,1)
(78941,1)
(29441,1)
(87941,1)
(98201,1)
(84041,1)
(38261,1)
(29681,1)
(67781,1)
(91841,1)
(35621,1)
(98981,1)
(97241,1)
(33521,1)
(53021,1)
(8921,1)
(33041,1)
(56501,1)
(21341,1)
(47681,1)
(84101,1)
(58061,1)
(83141,1)
(52901,1)
(67961,1)
(54281,1)
(24401,1)
(89741,1)
(2741,1)
(91961,1)
(57341,1)
(98321,1)
(79901,1)
(86261,1)
(61961,1)
(7541,1)
(25901,1)
(34781,1)
(84161,1)
(64661,1)
(73121,1)
(76601,1)
(40181,1)
(66281,1)
(88841,1)
(37361,1)
(86021,1)
(86141,1)
(73061,1)
(6161,1)
(88601,1)
(63581,1)
(75281,1)
(4841,1)
(5201,1)
(62381,1)
(47441,1)
(53141,1)
(88061,1)
(97721,1)
(55601,1)
(13541,1)
(74141,1)
(60881,1)
(48701,1)
(62441,1)
(74741,1)
(89501,1)
(61241,1)
(7121,1)
(90521,1)
(72101,1)
(70841,1)
(80921,1)
(84641,1)
(13901,1)
(47621,1)
(71741,1)
(37241,1)
(97181,1)
(19541,1)
(1421,1)
(26021,1)
(31541,1)
(43961,1)
(90461,1)
(50381,1)
(2381,1)
(4001,1)
(35321,1)
(65501,1)
(18281,1)
(8441,1)
(82601,1)
(22421,1)
(41141,1)
(56321,1)
(31961,1)
(54161,1)
(43121,1)
(90821,1)
(68141,1)
(89681,1)
(2921,1)
(29141,1)
(76721,1)
(87821,1)
(96221,1)
(27281,1)
(76361,1)
(58961,1)
(56381,1)
(98921,1)
(20261,1)
(10541,1)
(79181,1)
(32741,1)
(19901,1)
(45341,1)
(54641,1)
(23741,1)
(44021,1)
(77141,1)
(9761,1)
(91241,1)
(24761,1)
(62921,1)
(65381,1)
(32861,1)
(24461,1)
(30581,1)
(60221,1)
(71201,1)
(63641,1)
(80621,1)
(35861,1)
(55661,1)
(53921,1)
(72701,1)
(39101,1)
(43601,1)
(49781,1)
(761,1)
(41381,1)
(84281,1)
(41741,1)
(5381,1)
(22481,1)
(93461,1)
(60821,1)
(70901,1)
(45041,1)
(15581,1)
(23081,1)
(34961,1)
(97001,1)
(20501,1)
(11201,1)
(4181,1)
(57761,1)
(64121,1)
(67301,1)
(50021,1)
(82781,1)
(76541,1)
(21221,1)
(64481,1)
(97901,1)
(28121,1)
(74261,1)
(34421,1)
(37661,1)
(29561,1)
(35141,1)
(23621,1)
(46361,1)
(50081,1)
(88361,1)
(221,1)
(39521,1)
(97361,1)
(90581,1)
(63761,1)
(22661,1)
(40421,1)
(91661,1)
(45101,1)
(92441,1)
(17021,1)
(68021,1)
(52601,1)
(43541,1)
(91541,1)
(70541,1)
(64361,1)
(9101,1)
(69401,1)
(57641,1)
(59801,1)
(48101,1)
(45401,1)
(7721,1)
(45461,1)
(7181,1)
(93041,1)
(37901,1)
(40601,1)
(95441,1)
(53981,1)
(26561,1)
(64421,1)
(85961,1)
(77621,1)
(64721,1)
(59861,1)
(12461,1)
(18161,1)
(32021,1)
(66401,1)
(97421,1)
(14261,1)
(33941,1)
(45641,1)
(60101,1)
(32561,1)
(28241,1)
(18761,1)
(83681,1)
(3041,1)
(1361,1)
(32501,1)
(70601,1)
(30521,1)
(47381,1)
(89561,1)
(65861,1)
(95261,1)
(79121,1)
(5561,1)
(40481,1)
(71801,1)
(76481,1)
(21101,1)
(47501,1)
(83201,1)
(72461,1)
(57521,1)
(82181,1)
(62561,1)
(40781,1)
(23921,1)
(31061,1)
(63161,1)
(13421,1)
(97541,1)
(1001,1)
(69881,1)
(27161,1)
(97601,1)
(40541,1)
(45281,1)
(82361,1)
(3941,1)
(78461,1)
(15761,1)
(11141,1)
(521,1)
(62321,1)
(64061,1)
(81641,1)
(44621,1)
(6821,1)
(83981,1)
(64181,1)
(93341,1)
(18341,1)
(28661,1)
(13121,1)
(29021,1)
(92381,1)
(97661,1)
(35381,1)
(91361,1)
(56741,1)
(72161,1)
(8621,1)
(96461,1)
